-0.508849
-0.088101
0.271226
0.733641
0.090671
-2.396715
-1.056618
0.893556
2.904119
-0.667981
1.313095
-0.548248
-1.465648
-0.827762
-0.246354
-0.289493
-0.224180
0.064615
1.706591
-0.144233
1.182820
-0.260697
-1.045894
0.577419
1.088576
0.715002
-1.515063
1.182771
-0.706517
-0.731346
-1.034345
-0.903006
0.889186
-0.375367
0.408219
-0.273845
-2.328102
0.539956
-0.039068
0.013851
1.028263
-0.237378
-0.172270
-0.540872
-0.490678
0.418112
-0.057463
0.686476
-1.084243
1.316748
0.220587
-0.803515
-1.826706
1.496198
-0.003318
1.800935
0.272243
0.667474
-1.167809
0.455081
-1.353985
-0.613899
-0.968935
-0.462268
-0.805850
-1.669557
0.955392
1.155739
0.527321
0.112199
0.249406
0.571058
0.369879
0.463358
0.004240
2.149705
2.393308
-1.280724
-0.001162
-0.382469
-0.366381
-1.048282
0.719285
0.180858
-0.945417
0.371411
1.336323
-0.363406
0.024232
0.407580
0.924530
-0.335992
-1.065908
1.315714
-0.723670
0.572730
-0.311810
0.193035
-0.645659
0.489070
-0.912479
0.504810
1.493974
-0.644996
0.080149
1.513680
-1.056364
-2.415729
1.913067
-0.134006
1.560086
-0.673723
-0.757723
0.012833
0.554023
0.969076
0.375053
0.321502
0.412501
-0.226119
-0.493532
-0.440694
1.137429
0.948226
-0.098573
-0.340550
0.091253
-1.673461
0.719785
0.398546
-2.058964
-0.221386
2.059246
-0.783959
-0.010426
1.246201
1.208516
-0.776972
-0.314893
0.881162
-0.475392
-0.187461
-1.914903
0.075505
-1.990580
-1.470919
-1.902030
-1.693956
-0.129086
-0.735212
-0.599698
1.300405
-0.299204
1.035069
0.975320
0.774549
0.525028
0.992704
-0.727802
1.671102
-0.090324
-1.260789
-0.275838
-1.911296
-0.188156
0.329342
1.110349
-0.107589
0.325378
-0.647560
-0.713145
0.141477
-1.717268
-0.018610
-0.152614
-1.235812
0.334738
-0.622001
0.324728
2.677702
0.031194
0.387911
-0.273757
1.696227
-0.536167
1.165979
2.272367
1.103474
-0.736036
-0.315977
0.955105
0.173718
-0.334839
1.380878
-1.482407
-0.022129
0.651304
-0.118530
-1.750304
-0.664724
0.112443
-0.922848
-0.922573
0.328759
0.315508
0.555172
1.173114
1.646824
0.619071
-0.602720
-1.058300
0.852795
-1.858551
-0.939455
1.310738
-0.132572
-0.243671
0.675842
0.862285
1.143497
0.820084
-1.419769
-0.277541
0.114351
-1.575019
1.155796
1.928173
0.180006
0.112475
-2.652055
0.543630
-0.905889
0.477553
0.544229
1.111015
0.040089
0.841117
-0.253626
1.011494
0.387794
0.004886
0.452145
0.916441
0.126012
-0.728962
-1.552308
1.975073
-2.261293
-0.206535
0.210897
-0.308403
0.073654
-0.200546
0.678118
-0.383991
-1.260747
-0.079984
-0.128617
1.216055
1.374980
0.974344
-0.231254
-2.218221
1.336397
-0.916302
0.305482
-1.437796
-0.150857
1.564558
-1.454318
-0.129567
-0.076692
1.012762
-0.848248
0.021575
-0.898073
0.842109
0.246182
0.251282
0.264999
1.144943
0.740357
-0.678971
-2.280948
-0.842674
2.211853
-0.855043
-2.180490
-1.283079
-0.846651
0.640657
-0.048602
-0.458478
-0.197640
-1.723450
0.136546
0.670377
1.141614
-0.278097
-0.712319
0.668041
-0.992221
-1.869639
-0.170748
1.336705
0.386842
-0.216902
0.422328
-2.294543
0.531541
0.163047
0.146450
-0.413384
1.164138
-0.007347
-0.163518
0.350392
-0.255813
1.809828
1.043437
-1.657727
-0.555247
0.975052
-0.691699
0.552253
1.730424
1.185662
0.377944
1.464029
-0.883328
-0.207346
2.483860
0.331613
0.703146
0.185504
-0.721452
-0.526908
2.436327
-0.031799
0.356853
-0.657533
-0.550468
-1.227234
0.780941
-0.335195
0.619340
0.321178
0.108888
-0.257620
-0.045970
0.065851
0.171791
-1.100062
-0.778423
0.176874
1.166986
0.939069
0.561458
-0.452234
0.128463
-1.730942
-0.018480
1.297584
0.773013
-2.913973
0.210790
0.275957
0.774900
-1.446542
0.351428
0.526941
0.349740
-0.564630
-0.412775
0.883477
-0.750599
0.117960
-0.892670
1.381565
0.743546
1.519414
1.949552
-0.072110
-1.265624
0.624677
-0.996493
-0.498573
1.035518
-0.044156
-1.036666
-0.962776
0.143124
-0.541143
1.900507
-0.418163
0.394444
-0.242852
-1.036927
0.294383
-0.187210
-1.348132
-0.969382
-0.089456
-0.589820
1.251102
1.542684
-0.418878
0.183440
0.488583
-0.941638
1.126285
-1.084221
-2.459269
-0.441184
0.900761
-0.015518
-2.241373
0.300049
0.362490
0.086809
1.536803
0.458927
0.172928
-0.697585
0.562878
2.567583
0.952227
-0.895506
0.260690
-0.219959
0.307997
0.980140
0.431543
-1.074711
0.673877
0.954918
0.144764
-0.553060
-0.022125
-2.188235
-1.039867
0.665457
-0.896067
-0.183759
-0.386914
-0.799914
-0.361443
0.690228
-0.154742
-0.210281
1.634693
0.099787
1.399718
-1.837313
1.536279
0.461575
0.245996
0.063799
0.845947
1.486638
1.742924
-1.776202
1.650770
0.255835
1.045515
0.710777
-0.936687
0.742553
-1.335997
0.333081
1.604094
0.196511
-0.658232
0.792495
-1.114018
-0.475007
-0.760521
-1.190693
0.320925
-2.307515
0.252781
1.865834
-1.692357
-0.868428
-0.489642
0.236023
0.371736
-1.254621
-0.031377
-0.222826
0.008775
0.464250
2.802897
0.869507
2.349648
1.099712
1.266472
-0.581749
0.183612
0.142260
-0.085219
-1.249745
-1.112341
-0.421823
1.425884
0.069254
0.173353
0.938138
-0.750569
0.067254
1.352565
0.889468
-0.664905
-0.471544
-1.162472
0.288422
0.593672
1.797173
-0.910366
-0.170271
0.538727
0.742206
-3.051487
-0.682138
0.933800
1.629978
2.480905
0.153676
-1.048369
0.857923
0.702038
0.483993
0.858562
0.479959
-1.118587
1.778968
0.056305
-0.454076
-0.556872
-0.265134
0.451695
-0.352988
0.260478
1.238717
0.492358
-0.329513
-1.028432
-0.693736
1.782936
0.818794
-0.255493
0.032752
1.442903
-0.343417
-0.303262
-0.268796
-1.543759
-0.070619
1.054617
0.853996
-0.226444
0.188203
-1.475397
1.306774
-1.242503
-0.621848
-0.642380
0.609551
0.668753
-0.115041
-0.049168
0.592595
-0.191465
0.986086
0.130059
-0.581485
-0.954385
0.873495
0.514512
0.236322
-0.742019
-1.569790
-0.428112
1.362854
0.014266
-1.379133
-1.228347
1.129630
0.000026
0.315187
-1.197582
-0.034754
0.397784
-0.037659
-0.217015
-2.014863
-1.887054
1.641117
-1.254351
0.036133
0.163357
0.002931
0.999214
-1.115995
1.514515
-0.678258
-0.393631
-0.594431
2.033666
-0.034276
-1.295243
-0.497885
-1.099120
-1.669612
-0.289706
1.475146
0.935865
0.702796
-0.228630
0.418301
0.590499
-0.100772
0.747516
-0.198365
0.539258
0.544769
0.697938
-0.974876
1.149384
0.988796
1.095980
-0.369677
0.464218
-0.109487
-1.265363
-0.188100
0.390496
-0.606594
-0.478619
-2.146230
-0.529391
-0.527791
0.533615
0.686887
-0.765323
-0.059369
-0.338219
0.202377
-0.835417
-0.467875
-2.676178
-1.648790
-0.818589
-0.949830
1.073274
0.318124
-1.188551
-0.678518
-0.495286
0.547115
0.779083
1.932662
0.364131
0.787876
-1.015392
-0.633966
0.551485
-0.344959
0.489745
0.354308
-0.339447
0.230925
0.790325
0.226901
0.784600
0.207414
-1.341596
0.466332
-0.153097
0.734823
0.402329
1.150978
-1.385143
1.523229
1.434659
0.491773
0.880859
-0.339388
0.610708
0.242792
-1.227532
0.025188
0.637825
-0.791030
-1.642790
0.759735
0.160455
-0.594784
-1.006375
1.269964
1.022884
-0.827428
0.960991
-0.307155
0.857376
-1.405892
-0.922700
-2.175433
-0.101636
-0.260766
-1.187416
0.182388
-0.195219
-0.442974
-0.117708
-0.519862
-1.081280
1.621035
-1.906997
-0.080525
1.129801
0.602178
-0.375384
0.216191
0.335837
-0.956619
1.299212
-0.796300
-0.112926
-0.395465
0.503215
0.048158
0.757065
-0.627139
0.278365
-0.372095
0.656154
0.529046
-2.040359
0.750424
0.459862
-0.988164
1.035687
0.549912
-0.991489
-0.254722
-0.993409
-1.292920
-1.505780
0.669172
-0.103899
-0.095045
1.701938
0.103857
0.386290
1.103772
-1.476631
-0.844579
-1.696016
-0.460496
-0.313571
-0.481762
0.539420
-0.063047
0.046738
0.036950
-1.922014
-1.318425
1.127571
1.817193
0.802154
0.841519
-0.316344
-0.390569
-1.658038
0.690940
0.831141
-0.102477
0.385364
-0.121743
-0.315130
-0.201241
0.343793
-1.528305
0.093474
0.083366
0.427514
1.621290
0.401221
0.671703
-1.872611
2.667862
-0.881441
0.766751
-1.466647
-0.787808
-0.437674
1.638411
0.960301
-0.107577
0.616007
0.308991
1.581161
-0.786372
-0.248426
1.467393
-0.042797
1.359795
-3.099104
0.318398
-1.389678
1.426682
-1.205030
-0.238979
0.355304
0.840696
-1.240672
0.269009
-0.757327
0.523063
-0.163173
-0.350806
-1.349803
0.208271
-0.624465
-1.813533
0.109200
-0.912520
-1.272871
-0.755867
-0.750411
1.449662
-0.364227
0.590568
-0.262572
-0.516164
-2.306916
1.202906
0.589067
1.388144
1.699659
-0.377349
-0.143114
1.106259
-0.115349
0.639776
0.330819
0.905181
-0.143451
-0.915835
-0.600862
0.413877
0.586623
2.058955
-0.519739
0.266534
1.081568
1.018159
0.200307
-0.129433
-0.021411
-0.728461
-1.134719
-0.158520
0.703826
0.288343
0.185847
-0.065650
-1.614102
1.577528
-0.043814
2.329842
0.804117
0.778942
-1.263031
0.396062
0.631327
-1.658386
-0.068007
1.783823
-0.612716
1.332555
-1.589794
0.597064
0.993436
-0.786963
0.173502
-0.508642
1.110313
0.719135
-0.862970
-0.003331
-0.175019
0.298053
0.757885
-0.205189
0.206742
0.298015
1.184704
-0.960035
-1.989316
0.867774
2.852533
-0.092454
0.412413
0.951426
1.407329
-0.497869
-0.350268
0.405688
2.156536
0.004066
-0.325787
-1.756417
2.552062
0.381743
0.561354
2.321044
2.252039
0.182651
0.409978
-0.185947
-0.438640
-1.179912
-0.252541
0.322047
0.856673
1.080731
0.817695
1.515356
-0.156378
0.320361
0.020316
1.410183
0.313804
-0.000453
0.464822
0.834980
-0.640520
0.085753
-0.917756
-0.688679
-0.009463
0.313364
-0.771644
0.879920
-0.760164
0.376930
-0.609340
0.178819
0.472957
0.717851
0.845613
-0.045739
0.230771
0.021439
0.033422
0.629565
-0.447995
-0.652301
-0.281516
0.503505
-1.077696
1.760375
-0.540027
-0.067476
-1.757590
-0.064031
-0.395141
0.846320
0.090982
-0.131784
0.199382
-0.567919
-1.230910
1.937934
1.863909
0.317708
0.289953
1.349154
0.845272
-1.210560
0.648576
0.284649
-1.458332
-0.702320
-0.753523
-0.311786
0.341722
-0.168991
0.771701
0.403216
-0.472319
0.444059
0.654579
0.734559
0.321227
-1.202841
-2.419997
0.104466
0.569540
0.872613
0.573104
0.477323
-0.018414
2.257187
0.096428
-0.010500
-0.384186
-0.233841
0.194642
1.595955
-0.661021
0.541095
-0.337514
-0.238915
0.543051
1.278207
1.062646
0.526708
-0.971349
-0.622965
0.807957
-1.690277
-0.287625
-0.856292
0.101262
0.498053
0.321202
0.419833
0.815367
2.552561
-0.296862
0.272436
1.675912
0.263607
0.947090
-0.182860
0.706090
0.525515
0.266399
-0.053568
-1.859042
0.827011
1.700759
1.376671
0.273059
-0.367428
-0.400777
1.036664
1.717192
-0.296006
-1.395580
-0.362968
-0.075266
-0.626357
1.284125
-0.496097
-2.028176
0.610131
0.189601
0.683588
0.997388
0.599937
0.971822
-1.266912
1.137288
1.154386
-0.715993
-0.577877
-0.325641
-0.439688
1.771863
-2.084087
-0.409213
1.019211
-0.829598
0.624441
1.031091
-2.073704
0.022091
-0.230836
-0.602377
2.384155
-0.393676
0.470900
0.359816
1.388700
0.961078
-0.429103
0.273530
0.828240
1.822157
-0.300513
-0.817099
0.089651
0.483398
0.292762
-0.429779
-0.183769
0.410364
-1.368556
0.541174
-0.328552
-0.097826
1.241940
0.265743
0.791132
-0.704794
-0.952851
1.668027
0.757179
-0.850171
-0.362391
-1.058001
0.050244
-0.214903
1.453990
1.472164
-0.593196
-0.031770
-0.574563
1.193674
-0.649049
-0.224305
0.031507
-0.282045
-0.125173
-0.877870
-2.394184
0.446303
0.380796
0.861221
-0.944323
0.839217
0.995048
-0.483434
0.178953
-1.220679
-2.787464
-2.381466
-1.792172
-0.952879
-0.124510
0.797411
0.840345
0.379473
1.193057
-0.958215
0.248756
-0.097339
0.691194
-0.546102
-0.667217
0.482073
0.249833
0.211236
0.066877
-0.536282
0.756252
0.511293
0.154382
-0.181411
-1.726658
0.384836
-1.344412
0.158445
-1.494560
0.304835
0.529628
1.372930
0.886994
1.406919
1.677572
-0.400570
1.509763
-2.420054
-0.155789
1.455579
-0.697717
2.176323
0.643230
0.711548
1.619410
1.047052
1.748180
0.654166
0.866940
1.298633
0.112698
0.673206
1.792475
1.242653
0.577970
0.627442
0.002016
0.565948
-1.337993
1.445310
-0.198314
-0.776967
-0.383105
0.752099
0.077851
0.310290
-0.278980
0.489916
0.047783
1.050694
-0.383733
-0.681364
-0.652872
-1.566468
1.022102
-0.060850
0.769515
-0.123631
1.183678
-1.353838
-1.422976
-0.057436
-0.403285
0.134783
0.044525
-0.775008
0.892749
-0.645520
-1.358791
-0.821680
-0.482631
0.533985
-0.083612
0.351455
-0.866788
0.026317
0.442653
-1.516441
-0.786301
1.978164
0.585436
-0.243054
2.122258
-0.480449
0.180299
-0.145844
0.673666
-0.347183
0.005868
1.265330
-1.237608
-0.289239
0.112650
0.837668
0.719770
-0.305080
0.420405
-0.966326
0.338253
-0.601560
0.228280
-1.554032
1.034262
1.243550
0.300338
-0.908729
-0.699423
0.481640
-0.677185
1.022904
-1.128882
0.418927
0.882490
-1.149562
-1.745544
-0.895475
0.006815
0.825058
-2.112947
0.345063
-0.174904
0.493237
0.305122
0.889882
0.235682
-0.701719
-0.755129
1.640561
0.837665
0.392094
0.293054
-0.543813
-1.110882
0.892932
-0.334416
-0.673873
-0.803254
-0.905048
1.127257
0.483669
-0.357370
-0.095213
-0.224803
-0.978902
-0.804485
1.723972
-0.505506
-0.070130
-0.116736
-0.706538
-0.279288
0.456456
-0.181809
0.273642
0.527909
2.036290
-1.008066
0.340239
1.562215
1.690808
1.396022
-0.047781
0.225431
-0.444654
1.179610
1.075347
-0.244901
0.034359
-0.970619
1.128133
-0.049365
-0.388556
-0.114702
0.384075
-1.351446
0.095317
-0.189231
0.973151
0.857659
1.688476
0.563512
1.577668
0.420820
0.890288
-0.146267
0.212288
-0.929113
0.944386
0.461242
0.930884
-0.280959
0.394007
-0.182875
-2.027689
-0.704974
-0.140204
-1.128838
1.162669
-0.673366
0.616989
0.689589
0.515538
-0.875691
0.620682
-1.640363
-0.932207
-0.850517
-0.626841
0.756344
-0.959425
-0.702141
-1.069314
-0.163262
0.975378
-0.172489
0.494743
1.047206
0.980295
-1.150864
0.970801
-0.340968
1.393769
-1.790855
-0.550820
0.059498
0.424589
-0.191111
-1.214222
0.155186
1.032692
0.468685
0.381293
-0.602009
1.354541
1.741346
0.161056
1.162653
-0.352971
-0.616920
1.057832
-0.515791
-0.154016
-1.402162
1.838254
-0.950733
0.535734
-0.339415
1.185515
-0.808065
-1.086920
-1.300411
-0.365187
-0.830842
-0.279932
-1.036296
1.003828
-0.199006
2.215127
-0.685121
1.473415
0.028848
0.687014
-0.804384
-0.758166
1.411450
1.371810
0.202231
-1.728365
-1.320105
-0.290599
-0.450204
2.011346
-0.147419
-0.626447
-1.028565
-1.477372
-0.296850
-0.438180
0.392425
-0.000153
0.862017
0.946996
2.223250
0.140405
-1.450869
-0.725046
0.738055
0.003217
-0.440592
0.601332
-0.509480
0.757107
1.563761
-0.975665
0.285074
0.023727
1.682500
0.246242
-1.602562
2.126749
1.441892
-0.029634
1.349735
0.091964
-0.025715
-0.217096
1.383402
0.253824
0.962342
-0.046232
-0.403511
0.416898
-0.294879
-0.538672
-1.286895
0.567164
1.367218
-1.298487
0.509064
0.971711
0.961912
-1.692616
-1.452369
0.815218
-0.491468
-0.423385
1.188591
-2.063536
-0.395910
-1.001925
1.309887
0.791035
0.422305
-2.021021
0.486401
0.714376
0.414822
1.561094
0.307031
0.135919
-0.042936
0.380625
0.332772
-0.946167
-0.811690
-1.304916
0.773848
-0.500871
0.595542
-0.294531
-1.302662
0.386534
-0.730616
-0.361163
0.176884
0.979668
0.469825
1.328450
-0.741050
2.551200
1.668290
-1.345902
-0.614770
0.276204
0.489293
-1.256229
0.421419
-0.999977
0.758154
-0.168119
-1.064637
-1.531711
2.152462
0.079281
0.234476
-1.462262
1.264123
0.546457
0.837548
0.456538
-0.031995
0.552798
-1.088440
0.361110
-1.739050
-1.719083
0.221368
0.474020
-0.720835
-0.526500
-0.471854
-2.372085
-0.039802
-0.690144
0.496804
-0.796432
-0.553144
-0.075315
-0.435267
-1.505330
-0.896845
-0.235601
-1.378002
1.373363
-0.486692
0.596549
-0.852125
-1.422019
-0.260457
0.170688
0.777705
1.105131
-0.940195
-1.662604
-0.674356
0.907967
-0.561974
1.977209
2.109943
-0.773170
0.269422
1.186042
-0.544081
-1.055565
2.631859
-0.085903
0.535123
0.149683
0.279478
0.941311
0.538306
-0.654890
0.085693
-0.390123
1.212819
-1.987681
-2.270252
-1.095366
-0.983480
2.122153
1.034158
-0.805775
-0.821532
0.504297
-0.355006
-0.575794
1.280690
-0.951634
-1.383369
-1.438119
0.369355
0.466489
-0.203378
-0.397972
0.177220
0.816637
-1.390567
-0.269807
1.299557
1.004412
-1.197292
-0.216392
0.814490
-0.182765
0.525865
0.095817
0.070370
0.624910
0.770023
1.284195
0.661245
0.864723
-1.429798
1.029107
1.669807
-2.586817
-1.263671
-0.998447
-1.521900
-1.380661
0.980138
0.524889
-0.344187
-0.013569
0.915729
0.417726
0.211472
0.215419
0.197060
1.146414
0.231837
-0.794378
-1.890696
0.986776
1.263662
-0.743910
-0.706922
-0.447580
2.027454
0.291686
0.392564
1.241047
0.365293
1.349123
0.546419
0.580254
-1.058937
1.397984
-1.712571
0.607287
1.323931
-0.351650
-0.618605
0.572090
-1.320629
-1.517403
-0.697551
1.845784
1.791057
1.256335
-1.883550
-0.234692
0.894269
0.611643
1.617036
0.731172
-0.264682
1.553383
0.655493
1.993868
1.095802
-1.806376
1.437901
-0.562930
-0.291090
-0.941320
-0.748043
0.777736
-0.164251
-0.227176
0.593698
0.339850
1.873252
-0.999089
-1.244341
0.139845
0.397345
0.149284
-2.369609
0.889819
0.947092
-1.377741
0.769987
-0.005968
1.017324
0.852730
1.171840
-0.031043
1.820451
-1.364872
-1.150161
0.419794
-0.223056
0.620588
1.431988
0.434581
-1.941314
-0.496378
0.991131
2.042820
-0.242248
-0.562261
-1.580081
1.478520
-1.030126
0.154922
-0.637876
-1.271286
1.492938
-0.027530
0.952921
-0.934597
-0.359707
0.668717
-1.492990
2.063053
-0.094413
-0.621484
0.006055
0.371509
-1.596917
1.589053
-1.804571
0.364143
-1.845975
0.157802
-1.204632
-0.606154
-0.207591
1.577169
-1.681431
-0.532342
-1.846658
-0.608523
0.158652
-1.730136
-1.329128
0.610074
-0.506141
1.189530
0.553172
-0.280480
0.254451
0.165522
1.217593
1.467350
-0.087800
1.904637
-0.149314
-0.694671
-0.826567
1.363851
-0.275955
-0.853551
-1.031937
-0.691339
0.103757
-0.486195
0.246376
1.069083
0.112362
1.632529
-0.178900
-0.346276
-0.009946
2.474131
0.382265
0.902015
-0.438869
-0.044475
0.746513
-0.174917
0.785675
0.398088
0.374310
1.463850
1.966062
-0.041152
0.604316
2.067957
1.123148
-1.010368
2.161482
-1.336739
-0.602824
-2.310811
1.574576
0.244646
-1.048493
1.481019
0.033471
-0.291652
0.552582
1.694213
-0.130643
0.809463
-1.311584
0.912742
0.908351
0.003530
0.504142
0.359689
0.775131
-1.629676
1.072833
0.329381
-0.385970
0.749986
-0.220884
-0.115678
-0.004688
-0.274222
0.822359
-0.202742
1.582870
-0.589887
1.017464
2.038944
-0.418017
-1.779535
0.582725
1.128376
0.916568
0.112285
0.198897
0.060262
-0.052197
1.351911
-1.176704
-0.114956
0.122974
0.363115
0.359447
-0.490507
0.286450
-0.622995
-0.793306
-1.190370
1.560750
-1.277483
0.883246
0.894623
0.453802
-0.132391
-0.371025
-0.173775
-0.066060
-1.032210
0.002403
0.691166
-1.096089
0.422257
1.863634
-0.386588
-0.368540
0.601048
-0.582443
1.705945
-1.192398
0.734292
0.813252
-0.746334
-0.001234
0.241359
1.115304
-1.443729
0.179106
1.252442
1.596157
0.321773
-0.902439
-1.666015
-0.899457
1.652046
-1.597742
1.570159
-0.008758
-0.143535
1.602117
1.382344
1.265171
-1.337640
-0.011521
0.429235
-0.073018
0.734676
0.264280
0.494250
-2.433015
-1.262477
0.472513
-0.609460
0.441739
-1.294458
-0.740342
-1.586844
-0.477400
0.114404
-1.694735
-1.317321
-1.120935
-0.527020
-1.188670
0.280638
-0.154795
-0.409062
-0.048779
1.080673
0.114581
-0.441924
0.645306
0.117908
1.422611
-0.265204
0.651928
0.118271
-1.530101
1.822773
1.190511
-1.961619
-0.021920
0.057507
2.099912
-0.712014
-0.988921
-0.523309
2.248160
0.152916
-1.380257
-0.773465
-0.650390
-0.275815
-1.358400
1.213326
1.489133
2.436894
-0.825170
0.406168
0.086903
-1.531781
-0.685714
1.102217
-1.517227
0.060397
0.684159
0.655721
0.545103
-0.644255
0.227890
-0.413432
-1.562903
0.815922
-1.453612
-0.601326
0.209471
0.482048
-1.433939
-0.495803
2.191017
0.141629
-0.596177
2.028845
1.414714
0.824296
-0.498944
1.834584
-0.685299
0.352875
0.860073
0.022854
-0.348590
0.218407
-0.233554
-0.967025
-0.294307
-0.254370
1.555769
0.759707
0.159432
-0.035329
-0.179429
-0.396201
-2.330010
-0.345080
0.271601
1.665598
-0.442717
-0.856171
-2.316325
1.610188
0.405672
0.729128
0.306280
0.637865
-0.711417
-0.675681
1.326381
-0.272191
1.482719
-0.048125
-0.755451
-0.102819
0.001593
0.775277
0.962072
0.118760
0.017886
0.641182
0.044598
0.998012
0.533130
2.485117
-1.434458
0.569124
-0.191429
-1.007589
0.277128
-1.349563
-2.644070
-0.469080
-0.581865
-0.946671
-1.231325
0.053725
-0.203774
1.053161
-0.709475
0.540277
-0.230802
-0.482184
-2.236615
2.866940
-0.572538
1.244253
-1.141880
-1.613564
1.635914
2.078922
-2.184672
-0.614025
0.820867
0.571356
1.003573
-0.076785
0.465453
-1.367088
-0.081243
-0.748827
0.606298
2.710352
-0.516520
-0.624991
0.938743
0.722204
-0.417108
0.006390
-0.388843
-0.892049
-0.787591
-0.640627
-0.761433
1.313758
1.455387
2.023185
0.015095
0.503788
-1.288016
-0.449461
-2.565607
-0.204972
-0.438224
0.073250
0.597457
-1.735943
-0.612781
0.394775
-0.424327
0.200149
1.198512
1.042738
1.278774
0.429156
0.851320
0.505135
-0.565504
-0.309688
-1.343594
-0.807733
1.687417
0.817596
-0.883179
-1.444039
1.747164
-0.133341
-0.594336
1.456625
-1.057812
-0.330060
2.458567
1.144101
0.618620
-0.621554
0.390604
-1.548776
-1.223426
-0.059260
0.608346
0.809597
1.068171
-0.218318
1.469538
-0.748842
1.069538
2.433885
1.015212
0.730648
-0.650115
-0.794567
-0.038892
-2.096532
-1.110257
-0.594570
-0.303926
-1.339615
0.148684
0.831657
2.030143
-0.800197
1.646449
0.325199
-0.803311
0.595532
0.712023
-1.242673
1.844013
0.655938
1.492943
-0.623331
1.617163
-1.848490
0.032270
-0.968998
0.921757
0.299668
1.720814
-0.112229
2.634147
0.724239
-1.108807
2.139530
-1.279290
-0.815674
-0.851150
1.265576
-1.493315
1.423298
0.440961
1.001434
0.611513
-1.021841
-0.776054
-0.764753
1.252124
1.054938
-0.946325
0.033840
1.787466
-0.377835
-1.035722
0.008234
1.472833
-2.750419
-0.880488
-0.565410
-0.422214
1.076551
-0.109147
0.427456
-1.323306
-0.494215
0.048154
-0.621447
0.977090
0.277550
-0.918990
-0.322681
0.433058
0.138596
1.064645
0.175408
-1.023155
0.009955
1.297526
2.078385
-1.171564
-1.759782
0.033994
-0.685890
0.719530
-0.440473
0.664972
1.785316
-0.480350
-0.101656
0.442574
-0.187606
1.715532
-0.083459
0.955154
0.808301
-0.838299
-1.230154
0.676656
-0.516635
-0.271254
-1.235317
-1.100056
1.426807
-0.840186
-0.607592
-0.475323
0.524463
-0.026481
-0.694346
0.738792
0.673386
1.123828
1.207790
-0.870762
-0.936418
0.214740
0.426729
0.474464
-0.540709
1.585922
0.758073
-0.041109
0.566272
1.806131
-0.219752
-0.142086
-0.173650
0.246650
-0.126371
1.102987
1.810331
0.744854
-0.308197
0.163329
0.539877
0.307212
-1.115899
0.131016
0.483290
-1.297212
0.306799
0.421170
0.351257
-1.277332
0.663778
0.674388
-0.202274
-1.577950
-1.341476
0.761507
1.329687
-0.834695
0.143063
0.124634
-0.508421
-1.203725
-0.836890
1.661082
-0.064488
-0.300438
-0.201962
-1.472794
1.985312
-0.017545
0.433809
-0.448730
0.700255
-0.635614
0.738428
0.755200
1.040169
0.826858
-0.059641
-1.526289
-0.175133
0.040261
-0.432949
-1.597631
0.883927
0.686993
-0.895170
1.789113
1.003121
-0.618295
-0.446654
1.049410
-2.285530
-0.562692
1.005053
-0.057035
-0.335248
1.607780
-0.201428
0.676759
-0.796276
-0.624906
-1.035210
-0.115191
0.502349
0.077773
0.349448
-0.528776
1.859672
-0.356318
0.800726
-0.675889
1.196651
1.667805
-1.470746
-1.777214
0.270503
-1.601492
-0.752757
-0.867858
-1.035769
0.841988
0.166953
0.666810
0.683733
-0.442518
0.337142
-1.327212
-0.354083
-0.666421
0.682181
-0.382809
0.072794
0.469393
1.748409
-1.150046
1.207911
-0.375232
-1.189553
-0.249221
-0.939178
2.605909
-2.018848
0.624309
0.067544
-0.635559
-1.691884
0.206349
-1.080842
-0.630293
0.131892
0.728307
0.857478
-0.932667
2.064053
-0.915766
1.035848
-0.017454
0.255152
0.987825
0.030579
-0.265156
0.570862
0.839208
-1.971797
-0.200504
-0.272729
-0.570463
-0.713167
-0.287352
0.620760
1.500372
-0.679396
-0.658768
0.387897
1.905686
1.663019
-0.531688
-0.150736
-1.044842
-2.056350
0.962177
0.067580
-0.468250
0.627538
1.102975
-2.753311
1.264842
1.049897
0.330574
-0.260528
0.144106
-0.069940
-1.119230
0.032130
0.347470
-1.441255
-0.169557
-0.000286
-0.430102
0.571597
0.503723
-0.037893
1.220207
-0.206646
0.169632
0.047017
-0.359151
0.123822
-0.271091
-1.617707
0.423431
-1.605916
1.292767
-0.187243
0.020591
0.766061
0.240232
-0.775140
0.662235
1.466251
-1.072915
-0.062067
-3.051589
-0.350310
-0.919768
-1.332270
0.673236
-1.002779
-0.022466
0.876054
-1.129566
-0.730360
0.902131
-0.559367
-0.024581
0.640739
1.206435
0.267466
-0.922991
-0.097113
0.166140
-0.602386
-0.604128
-1.408695
-0.622812
-1.111357
-0.537725
-0.216569
0.515199
-2.176915
1.121023
-2.267780
-1.883523
-0.261487
-2.001035
0.822760
0.503927
-0.416437
0.499901
0.074667
0.390436
-0.457339
-1.083959
-0.104737
-0.856944
0.522510
1.528416
1.390469
0.576659
0.045608
0.006007
0.728121
0.525430
0.381151
0.538751
0.285946
-0.948684
-0.634621
2.030142
1.180169
0.651188
2.231628
-0.353117
-0.001927
-0.629707
-0.230529
-0.669918
0.572843
0.422565
-0.683557
-0.908050
-0.432492
-0.522641
-0.774406
0.916000
0.559489
-1.400375
0.604595
-1.341522
0.039610
2.101089
0.056993
0.370269
-0.261698
-1.519918
-1.568220
0.483758
0.041361
-1.280152
0.806957
0.627233
-0.587749
1.700025
0.175920
-0.670459
0.298900
-0.493503
-2.328452
-0.540807
0.283873
0.585863
-1.398983
1.702624
-0.927552
-1.537757
0.180769
1.029828
-1.453860
-2.567161
0.707341
-0.536032
1.175085
0.577339
-1.368254
-0.220983
-1.446805
-1.323267
1.779899
0.060376
-1.356816
-0.157290
-0.198495
-0.219839
-1.377438
2.110666
0.751762
1.089736
1.240367
-0.511798
-0.503525
0.883894
-0.861637
1.317344
-0.252043
-0.277833
0.359993
0.313465
-1.473414
-3.133096
-2.334305
-1.513476
1.362260
-0.704975
-0.009143
-1.504081
0.071244
-0.398311
1.156828
0.944987
0.831510
-1.238764
-0.387009
-0.224967
1.025951
-1.386067
0.859099
-0.311313
0.302812
0.099679
-1.120277
1.064736
-0.467880
0.217815
0.413298
0.929262
1.761493
1.270536
0.258125
-1.240666
-0.950333
0.324928
-1.296748
0.082756
-1.004121
1.449925
-0.273791
-0.003307
-1.469259
-0.367957
0.094820
-2.095007
0.390675
1.763904
-0.942672
0.251582
0.545572
0.318470
0.714855
0.750235
0.257638
1.237463
-1.760833
1.468068
-0.715624
-0.197903
-0.000684
1.165481
-0.096418
-0.024041
0.711163
0.868951
0.514280
-0.540406
-0.182787
-0.377267
0.120836
0.789933
1.744493
-0.619182
-1.041517
-1.727349
1.105696
0.585305
-1.565016
-1.645010
0.850231
-0.154974
1.201339
-1.647597
-1.068961
1.600626
0.644365
-0.101409
-2.695246
-0.080227
-1.228400
-1.628403
1.175034
-0.061371
-0.054391
0.952052
0.264113
0.054542
-1.035319
-0.580537
-0.955607
0.469131
0.768807
-1.080579
-1.102279
-0.526899
1.414383
1.076456
-0.269000
-1.063935
-0.594241
0.261105
-0.958082
0.334813
-1.325773
1.052255
1.326629
-0.680739
0.327053
-0.406667
1.700250
2.002755
-0.820121
-0.244124
-0.468146
2.527457
-0.660413
1.206814
-0.956421
0.116440
-0.800642
0.305658
0.349313
1.523582
-1.029302
-0.432094
0.367112
-1.750807
-0.991688
-0.786281
-1.329348
2.788546
0.508220
0.851413
0.265513
1.631552
-0.105304
-0.141777
-0.474742
1.255210
-0.855192
-0.856704
1.266480
-0.787778
-0.619476
-0.348038
0.800325
0.031233
-0.068846
-0.281622
1.472569
0.238288
-0.291919
-1.778417
-0.238426
-0.465046
2.189800
1.463149
0.127822
-0.214315
-0.197971
1.554749
2.130563
-0.302614
1.072878
-1.121430
2.683285
1.263684
-0.805536
1.642528
1.052623
-0.445783
0.922479
-1.193371
0.929672
1.522513
-0.334584
0.788741
1.640710
-0.663418
-0.947348
-0.338243
0.630895
2.556278
-2.023332
0.389967
-0.203956
1.534897
-1.440242
-1.182996
-1.084403
-1.014638
-1.481157
0.273031
-0.160288
-2.151514
0.565345
-0.013837
-0.308016
0.725221
2.399211
-1.465447
0.724965
1.138342
-1.815180
0.277050
0.363487
0.428299
-0.225668
-1.323769
0.789593
0.526206
0.159952
-0.411899
0.025462
0.657811
1.439067
0.968741
-0.929001
-1.048978
-1.651448
0.733487
-2.266625
0.229789
0.408953
-1.286925
-0.393952
-1.629681
0.018803
-0.361154
1.436816
-1.070128
-0.059367
1.170498
0.005547
0.436729
-0.734382
0.823618
-0.253458
-0.106396
0.152781
0.012797
-0.499946
0.486921
-0.494611
0.109403
-0.119644
0.490065
1.667601
-1.082475
-0.058150
-1.603504
-0.378574
0.261231
-0.456939
-0.533867
2.183179
-0.055699
-0.036733
-1.231073
-0.225395
-0.242351
0.001338
1.739138
0.193504
0.805131
0.500846
-3.243418
-1.180891
-0.534387
0.241425
1.279407
0.905688
0.342029
-1.143471
0.480365
1.096921
0.228231
0.857495
-0.544568
-0.347560
1.357083
2.343529
-0.130070
-0.191841
0.715147
-0.873139
-2.377550
-1.091682
-1.099405
2.360970
0.447293
-0.696780
1.414511
-0.485320
-0.280893
1.138326
-1.637224
0.101463
-0.276800
-0.989891
0.044566
0.643885
0.487840
-0.099441
0.198236
0.918208
0.605292
-0.796587
-1.019796
-0.350626
1.135945
-0.936505
-0.104411
0.211761
1.061915
-0.544451
1.049594
-0.046942
-0.671788
-1.254862
0.270198
-0.182700
1.043415
-0.635075
-1.073119
-1.487801
0.763779
0.145337
0.456149
0.179695
0.184016
0.520907
1.479302
1.541647
1.956322
-0.026972
-1.954942
1.370897
-2.146167
0.795369
-0.268510
-0.300433
-0.259961
1.167530
-0.364773
-3.492550
0.056870
0.618246
0.823730
0.846737
0.921693
1.269212
-0.043433
1.005926
0.646373
-0.691000
0.097104
0.831241
-0.711132
0.530032
-1.008859
-1.368548
0.243352
0.078193
2.369008
0.846440
-0.413203
-0.010728
-0.291511
-0.786489
0.065359
-1.248059
0.775304
-0.951296
-1.597785
2.209275
1.612929
2.116067
0.971261
1.684978
0.353462
-0.303780
-0.116622
0.033478
-0.863811
0.005790
-0.595265
-0.419959
-1.346876
-0.013152
-1.865494
-0.797626
-0.147790
-0.926268
1.665285
-0.727857
-0.075991
-0.541766
-1.118972
-1.379118
-0.178954
-0.258878
0.951920
0.247389
-0.564837
0.930531
-1.005565
0.562082
1.125480
-1.754135
0.758926
1.068004
-0.292008
-0.822829
-0.742207
-0.138439
0.754296
-1.063960
0.140443
-0.672881
1.447273
1.108064
-0.130378
0.421545
-1.131456
-0.466407
1.374562
0.176835
0.199265
-0.358584
0.109025
0.637779
0.427466
0.404066
1.460857
-0.949867
-0.026460
0.284188
-0.912729
1.837674
2.283711
-0.046502
-0.479319
-1.456028
-1.131010
0.356995
0.764956
0.059596
0.275957
0.718073
-2.523682
1.806809
-0.887298
1.225097
1.620139
0.662989
0.622014
0.621453
0.719034
0.640163
0.960387
0.588758
1.519918
1.908305
-0.860030
-0.795602
0.170643
-1.126979
-0.652539
1.003209
-0.230473
0.628448
-0.071475
0.160878
-1.948126
-0.720512
-0.399668
-0.646644
-0.353792
0.194722
-1.381856
0.017474
0.682593
-0.563490
-2.019546
-0.169820
0.887440
0.612079
-0.503913
1.369605
0.415768
1.439790
-0.052637
-1.505584
1.275668
0.597843
0.151316
0.365306
0.364778
0.562999
-1.619319
2.611300
0.773984
2.063935
0.749753
-0.253546
1.652282
0.867533
0.090481
1.379839
-1.007237
-1.101884
-0.870094
0.959069
0.766014
-0.067179
0.222388
3.363476
1.429924
0.500803
0.063267
-1.460680
0.289172
-0.159935
-0.154734
-1.162398
-0.471563
0.434309
1.108185
0.961201
-0.109075
-0.393254
0.521656
1.446267
0.192390
-1.568905
0.669592
-1.765797
0.572719
-0.747270
0.394411
-0.499066
0.042769
0.218648
0.361744
-0.749354
1.084223
-0.278672
0.719109
-0.565062
-1.661174
-0.448336
0.228389
-0.540263
-1.795903
0.728146
-0.222471
1.900117
0.553349
-0.083639
0.198098
0.202603
0.169742
-1.264029
-0.207293
1.001934
0.414082
1.221999
-0.601002
-0.596824
0.303958
-0.274294
0.694044
0.485745
0.837495
-0.183635
0.598974
-0.831390
0.132843
2.747281
0.391786
1.657570
-1.964754
-0.186387
0.260065
-0.883365
-0.532280
0.421599
-0.537179
1.687885
-1.327658
-1.313569
0.779200
-0.831819
1.240355
-2.176807
-0.321140
0.495078
-0.449454
-0.876110
2.177992
-0.422413
-1.506285
-0.642381
-0.491786
-0.133121
-1.433606
1.310416
-1.115523
-0.512444
-0.423890
-0.152971
0.297104
-0.601077
1.048871
1.794580
-0.117784
1.912576
1.710616
0.249955
1.071012
1.345323
-0.041298
-1.022691
-0.835779
1.313109
-0.319694
-0.438922
-1.260541
-1.165824
0.203248
1.305519
-1.658395
0.000830
-0.150228
0.636635
1.630510
0.367367
-0.768294
-0.463511
0.155727
0.713164
-0.035184
1.489206
-0.263677
-1.452334
1.058622
-0.965001
-1.357357
0.167490
-1.861394
0.062432
-0.728628
1.750093
1.722503
0.698366
0.073343
0.262517
1.340829
0.037335
-0.514845
-0.796555
0.862260
1.447750
-0.341618
1.018241
-0.289556
-1.386072
-1.230358
-0.342260
0.531466
-0.325468
0.113692
1.553749
-1.159770
0.012945
1.059333
0.682380
-1.104803
-0.848576
0.740851
-0.265145
0.252764
-1.169000
-1.307350
-1.027992
-0.940571
0.403936
0.991771
1.022283
-1.025744
0.749670
1.077972
0.175507
-1.082990
0.289648
-1.206062
-0.012078
-0.672093
-0.876587
0.626077
-1.574024
-1.629684
-1.297366
-0.917095
-0.405655
0.577117
1.221368
0.231274
2.506416
0.504532
-1.184880
0.116418
-0.638416
-0.333952
0.290716
-2.262157
0.746317
0.207084
-1.965883
-0.443285
-0.024351
-0.154376
0.691999
-1.254850
-1.392168
-1.458238
-0.191974
-1.268266
-0.041902
0.115272
1.006598
0.238889
2.440415
1.621753
0.316030
0.755790
1.317640
0.258886
-0.339760
-0.592867
-0.822251
1.447694
-1.049631
-0.125283
0.493939
0.735005
-0.313601
0.762503
-1.558491
-0.422335
-0.033667
1.539779
-1.179446
-1.210145
-0.725644
0.777988
-1.772952
-1.692913
0.646504
-0.447550
0.867276
-0.748006
1.868081
0.378431
0.828267
-1.502892
1.282680
1.393138
-0.732259
-0.157447
-0.648519
-2.434283
1.412710
-1.113949
0.313677
-0.547858
0.072629
0.520070
0.431264
1.994287
0.875941
0.131598
-2.347359
-0.677319
-0.233816
0.339457
1.199727
1.353896
0.557883
2.420278
-0.138533
-0.519844
0.439854
0.396449
0.823172
0.897485
0.392134
0.164387
-2.942148
1.591774
1.181215
-0.607608
-0.623143
-0.799287
-0.148795
0.782445
0.792717
0.843893
-0.158386
-0.699700
-0.555685
-1.453868
0.238141
-0.571306
0.188243
0.502446
-0.325651
-0.480619
0.087698
0.779095
-0.600813
-1.270857
0.838566
2.040064
0.240064
1.804398
-1.060975
0.008570
0.912531
0.205350
-1.311731
0.972218
0.474831
0.129398
-1.443297
-2.232074
-0.078364
0.835989
0.959567
-0.177194
0.717844
1.526956
-0.568731
-0.277434
0.271813
0.522369
-0.616340
0.044681
0.047447
-0.520703
0.972902
-0.645393
1.296017
0.414938
-0.451206
-0.391650
0.234896
-1.202258
0.038056
0.846590
-0.726373
0.253388
-0.868988
-0.120234
0.851969
-0.693838
0.201764
-0.338775
-0.428256
0.777016
1.122163
0.863121
-0.853197
0.079520
-0.955852
0.660205
0.141257
-0.843098
-0.003070
0.757653
-1.850627
0.296888
-1.186280
-1.090833
-1.487469
0.406686
-2.186575
0.130407
-0.835109
-0.033862
-1.677193
-1.421649
0.342538
-0.893811
-0.329969
-1.770285
0.335147
2.157844
0.331749
-0.586290
-1.012753
0.615693
1.124334
0.078561
-0.883163
-0.118325
-0.821316
-0.292064
0.565083
0.902119
-0.141757
-0.967971
1.413826
-0.427094
-0.584562
0.710999
0.369493
-0.637497
-0.100876
-0.153668
-1.516243
0.117609
1.426960
0.202868
-0.814386
-2.073425
0.871370
0.768036
-2.386913
-0.581728
0.939402
-0.610266
0.821852
-1.242294
0.805474
1.430216
2.020704
-0.301883
-0.432713
-0.154055
1.360127
-1.952721
-0.292747
1.443797
-2.057033
1.162977
-0.229800
-0.752161
-1.091931
-0.886143
0.269425
1.220960
-0.581119
0.142252
1.036922
1.336528
0.371111
2.089425
0.222906
0.036798
-0.932152
0.352894
-0.905033
-0.437341
-0.717862
0.055522
2.116486
-0.092069
-2.603635
-1.261013
-1.044339
1.587975
-0.725907
0.116894
0.449538
0.681872
0.397514
-1.538177
-0.947151
-0.526312
-0.311977
0.361363
0.849016
0.213089
0.200340
-0.778402
0.214322
0.547107
-1.500899
-1.442634
-0.080225
-1.023677
-0.025872
1.085351
1.616461
0.903275
0.622112
-0.644987
0.210403
-0.411960
0.428184
-1.038646
1.905043
1.726653
0.545620
-1.258249
0.449077
-0.343412
-0.686237
-0.055283
-0.623299
-0.277289
1.409479
-0.628728
0.124015
-1.576702
-0.546105
2.162087
0.994041
0.094865
-1.916733
-1.348305
1.755094
1.130336
-1.663338
-0.687923
-0.420222
-0.777122
1.115323
1.123655
0.818634
1.157818
-2.544362
0.195782
0.900471
1.243488
1.655482
-0.251757
-2.432133
0.318539
-0.079859
1.159230
0.529453
0.294671
1.278731
-0.070290
1.058631
0.395478
-1.604239
-0.731729
0.246050
-0.597284
0.977713
0.002289
0.144018
0.014233
-0.177717
0.282360
0.394225
-0.156027
-0.553631
-1.418227
2.567367
-0.866579
-0.052826
-0.136256
0.874221
-0.293030
2.232866
-0.207802
-0.123431
-0.874618
-2.062169
0.153651
0.005326
-1.797370
1.111179
1.277960
0.939270
-0.670278
0.520501
-0.413338
-1.389551
0.815873
-0.935026
-0.340572
0.063395
-0.626228
0.030540
0.009026
0.446231
-0.513370
0.590852
2.413624
-0.269752
1.081537
0.816298
-0.004067
0.316311
-0.176454
0.710373
-1.021795
1.156458
1.426286
-0.657781
-0.507970
-0.816765
0.221021
-1.206038
0.202011
0.082108
1.131052
-0.700042
-0.816627
1.003358
-0.466468
1.794584
-0.010350
2.291715
0.511571
0.958571
1.374668
-1.495963
0.735474
2.615007
-0.197230
0.142349
-2.776913
-1.149427
0.983154
-0.308493
0.975338
1.834546
0.527410
0.534531
0.711867
0.118704
-0.786325
-0.040580
1.143761
0.960542
-0.459711
0.053109
-1.045980
0.980942
-0.087763
-0.492968
0.011452
-0.701229
0.157360
-0.415522
0.591863
-0.009845
-0.962157
-1.684538
-0.278345
-0.288978
-0.853845
1.677612
-0.592172
-0.178515
1.868488
0.157493
-0.433386
-1.167851
0.259072
-0.936150
-0.841499
-0.083556
1.565034
1.464496
0.339943
0.459121
1.648389
0.130289
-0.828623
0.129518
1.354032
-0.744460
0.766714
0.231441
0.018988
-0.356986
0.280226
0.655831
0.686126
0.618164
0.121562
0.254387
-0.526920
1.559677
-0.286611
0.437643
-1.603133
-0.835586
-0.285873
1.484113
-0.478330
0.609246
1.026453
0.872515
0.802267
1.269441
0.880423
2.244842
0.238651
-2.783511
0.737317
0.619776
0.632035
-0.298339
0.810943
-0.367550
-1.714758
0.815001
-0.507303
-1.907888
-0.721866
-0.769669
1.100052
0.006564
-1.073258
-1.125864
0.676763
0.899819
-0.097578
0.833673
0.443591
-1.333288
-0.732146
-0.045867
-0.392500
0.374980
0.957636
1.546605
-0.732117
0.918251
0.537031
0.661793
-1.679866
1.742855
0.120286
-0.293651
2.872573
-0.557762
-0.196080
1.507637
0.151065
-0.773699
-2.766263
-0.093420
-0.485496
-0.198653
1.100285
-0.618580
1.386675
0.392651
1.057704
-0.670115
0.884247
0.431145
-0.393566
-1.749092
0.853075
-0.359850
0.423488
-0.278846
0.936590
0.352247
-0.012308
0.913227
-2.039423
-1.260836
0.759756
-0.106315
1.013381
-1.519093
0.109169
-0.026849
-1.123357
-0.096143
0.464946
1.710156
1.216880
2.028627
0.385952
-2.465153
1.926693
0.034105
-0.373761
0.448904
1.703104
-0.685681
0.021865
-0.808650
-1.336711
-1.199145
-1.117114
-0.143361
-0.610234
1.596475
1.806394
-0.239515
0.302230
-0.801078
-0.983634
-0.228026
-0.279079
-1.401570
1.935007
2.145786
0.029370
-0.470293
-0.378002
-1.094150
-1.535247
-1.845135
-0.338619
0.502573
-0.328886
0.411982
-0.209766
-1.112157
2.568415
1.582380
0.837525
-0.111063
1.317084
0.529517
-0.279746
-1.623208
1.070009
-0.372825
-0.331605
0.650883
0.028308
-0.399608
2.666894
1.654165
-0.661141
-1.567619
-0.053590
1.114183
-0.146812
-0.548621
0.813723
0.357449
-0.003362
1.958009
0.772354
1.428176
-0.509195
-0.982578
-0.699645
-0.889828
-0.190540
-0.397219
-0.603240
-1.101460
-0.285210
0.994375
0.199015
-0.551796
0.415550
0.317225
-0.212824
-0.759520
0.113649
0.675317
1.414828
-1.652484
-0.503238
0.162206
-0.846239
-2.724197
1.266450
-1.043445
0.693641
-0.280452
0.424102
-0.583281
1.121492
0.569814
-0.417762
1.849540
-1.234517
-0.012169
0.918526
0.880088
-0.275752
0.658639
0.462001
0.650872
0.434569
-0.036890
0.859714
-0.680200
0.777058
-0.449953
-0.788790
1.112880
0.746195
-0.405602
0.196992
0.381040
1.018234
0.081663
-0.227552
-1.473382
0.048262
-0.351351
-0.709263
-1.642495
-0.824266
-0.814338
1.537555
1.246849
-0.350886
-1.994712
0.216484
0.469451
-0.323455
-2.367912
-0.409454
2.758690
-0.455818
-0.243225
1.232028
-1.626785
0.543419
0.131610
1.423885
1.078689
1.388924
-0.882368
2.357227
0.074832
0.078858
0.540076
1.299430
1.015416
1.105597
0.934159
-0.462254
0.654775
0.216985
0.246996
-0.353057
0.197120
-0.239689
2.053375
0.971801
-0.676723
-0.249145
1.453516
-0.777281
0.066117
1.011920
0.551980
-1.027326
-1.026984
0.212602
1.775000
-0.748550
0.621209
-1.038502
-2.557557
0.269373
0.666275
-0.089292
0.980753
2.425318
0.634491
0.713078
-0.385966
-1.139227
-0.208948
-1.051868
-1.274262
-0.422189
-0.468470
-0.678683
1.236370
-0.400297
0.302308
-3.159228
-0.396406
0.296503
-0.160498
0.226364
0.904529
-0.318741
0.178619
-0.869564
0.329819
1.169949
-0.057008
-0.018142
0.772554
-0.654246
0.767869
-0.322333
0.204643
0.056714
-0.575325
0.123355
-1.831728
-0.256937
0.131019
-0.180121
-1.103650
2.215569
-0.922869
1.717713
0.166590
0.329809
1.212782
1.082178
-0.525876
-0.508933
-0.103178
-0.188751
0.145157
1.091913
-1.404874
-1.359655
1.533353
-0.517717
2.081748
-0.703462
-0.050766
-0.834021
-0.060395
1.410027
0.191133
1.715918
-0.257726
-0.798996
0.217869
0.835001
-0.552011
-0.354525
0.764427
-0.575073
-1.696567
0.786822
-0.617715
-0.719475
-0.164986
1.002561
-0.295091
0.738331
0.074504
0.377330
-0.859207
-0.345564
-0.272817
-0.606459
0.836785
-0.911361
-0.695606
0.509120
-0.807460
-0.633872
-1.447806
0.544183
-1.498210
0.571212
0.370054
1.441971
-0.943319
0.479016
1.204914
1.309392
0.687876
2.120220
-0.649146
1.200160
-0.795728
0.417524
-0.878265
-0.280631
-0.461927
0.069917
-1.184252
-1.531569
-0.011375
1.517707
-0.624697
-0.933354
-0.781203
1.273629
2.101248
-0.902199
0.584049
-1.326432
1.549090
-1.129262
-0.673897
-1.839482
0.202124
-0.390705
0.609026
-0.990996
-0.947077
-0.156029
1.305254
-0.027246
-1.728538
1.069992
1.963637
-2.252415
-0.004880
0.099970
-0.276334
1.890189
-1.169267
1.819958
0.456716
0.270337
0.372860
1.312270
-0.938400
0.336131
-0.840046
0.983514
0.429077
-1.438876
-1.050006
0.559458
0.872747
-0.498652
-0.483752
-0.754129
-0.285802
0.131445
0.277802
-0.509350
0.629988
-0.259982
-1.216183
0.443867
0.279517
-0.664846
2.097620
-1.539226
-0.085377
-1.880620
0.287999
-1.655540
-0.541403
1.077258
-0.124611
-0.129598
0.015107
-0.778903
2.299337
0.118808
0.888527
-0.610495
1.117630
0.518253
2.062192
1.944022
0.184260
0.451010
0.185533
-0.881134
1.430736
0.015026
0.760538
0.672895
-0.560925
0.015207
-0.398328
-0.527534
-1.857262
1.134467
0.416695
-0.038709
-0.417587
1.011503
-0.546013
0.299573
1.818748
0.507075
0.879400
0.552875
2.380583
-0.978362
-0.275372
1.100938
-0.511037
2.245618
0.017624
1.394468
-0.010840
-2.176535
1.734805
-0.069092
0.366975
0.200311
-0.574863
-0.527513
0.530898
0.825780
0.090800
0.574122
-0.683920
-0.870026
-0.665409
0.228901
0.365918
0.994517
-1.084341
-1.779914
-1.871578
1.150397
0.308524
-1.060892
-1.047216
-0.582711
-0.115526
0.146023
0.873160
1.349727
1.204374
0.052334
1.435874
-1.113499
-0.362946
1.234891
1.183042
0.401627
-0.197736
2.202645
0.222336
0.543322
1.322653
-1.390379
1.265353
0.049563
-1.277433
-0.281835
-1.782615
0.674683
0.380587
0.624348
-0.513340
-0.675626
1.906534
2.070620
0.040825
-1.237292
0.158724
0.408407
0.670616
1.589602
0.871694
0.259100
0.386764
-0.596721
-0.830213
-0.930565
0.479730
-0.382361
1.909794
-0.505465
0.858857
0.533541
-0.808837
0.011524
0.275449
0.319895
-0.718306
0.468569
1.214142
1.960337
1.464864
1.486862
0.363561
-1.271800
0.389314
-1.147292
-0.726659
-0.011778
-0.740986
-0.031695
0.111720
1.158551
-1.906437
0.787203
0.415632
2.308279
0.251910
-0.009810
-0.680848
0.364107
-0.260130
1.661625
2.122861
-0.291288
0.146564
-0.658643
0.300797
-1.402563
0.826422
-0.828993
0.600866
-1.145497
-0.081031
-0.254463
-0.386928
-0.069720
0.990210
-0.422357
-0.224498
-1.885258
-0.064800
0.163676
-0.102943
-1.149033
0.528483
1.361640
-0.084896
-0.574497
-0.557371
0.961408
0.448786
0.209266
-0.899153
0.826652
0.686135
0.408824
-0.102413
0.134558
-0.672823
1.671762
-0.452474
-0.544785
0.059862
1.102266
-0.179859
0.136760
0.782950
0.776379
-0.498404
-1.219655
-0.605743
-0.859221
-1.276773
-0.573603
0.421839
0.492359
-0.259916
0.142301
-1.262101
2.460046
0.558219
1.076847
-0.630314
-1.689888
1.547829
-1.262163
2.096083
0.277576
0.502766
-1.466145
-0.841200
1.460763
-0.776847
0.239662
-0.083391
-0.630657
-0.942325
1.399023
0.933070
-0.124165
-1.020062
0.455345
-0.143525
1.732162
0.733511
-2.159662
0.607473
1.064909
0.580168
-1.669521
1.903358
-0.023632
-1.137948
1.033644
2.178102
0.479163
-0.043058
0.717266
0.042004
0.226310
-0.113398
-0.730787
1.077834
-1.268724
-0.006771
0.582679
0.710854
-0.725583
-0.143020
0.469335
-1.231192
0.597164
-0.921943
-0.998126
-1.153304
0.938776
0.842553
-0.055455
-0.369818
-0.856150
0.751216
0.691423
0.760329
-0.875420
-2.612529
2.120273
0.405084
0.368223
-0.642741
1.233626
0.871110
-1.874612
0.252364
0.954011
1.664970
2.198606
-1.398318
-0.420143
0.491562
1.967462
-1.907746
-0.450194
1.256478
0.551869
1.868784
0.177720
0.698555
1.092496
0.442377
0.268269
0.243988
-0.786201
-1.549462
0.871131
0.060544
-0.132179
-0.946985
-1.410183
-0.079011
0.956402
-0.327546
0.868552
-0.296569
1.084573
-3.053813
0.221634
-0.000275
-0.491389
1.324168
1.641187
-1.140286
0.425491
1.973844
2.199988
1.354908
-0.201739
0.174735
-0.776664
1.654979
0.502767
0.228649
-0.332594
-1.102627
1.190527
1.855030
1.017962
-1.569306
-0.700511
-1.199211
-0.398465
-0.935776
1.323013
1.933293
-0.216905
-1.187186
-1.877016
0.204384
2.112523
0.883395
-1.408234
0.614282
1.284023
-1.118599
0.190509
0.188110
0.064448
0.519303
-0.032891
0.608336
-1.042190
1.905241
0.006789
0.747655
1.521279
0.288807
-0.170511
0.566939
0.466810
-0.042491
1.608829
-1.965500
0.281781
0.480585
0.285969
-0.836125
-1.279252
1.899841
-0.112940
-0.321058
0.708443
0.142225
-0.041178
-0.503206
-1.003749
1.052764
-0.474723
-0.366833
0.802185
0.266967
1.939124
-0.098878
-0.118096
0.260460
-1.408357
1.619791
-0.789275
1.260663
0.530295
0.377958
0.218668
-1.861827
1.299834
0.371917
-0.570562
1.481651
3.207800
-0.649589
-0.139930
-0.024955
-1.470788
-0.258453
0.025295
-0.177244
0.625824
0.893486
-0.660304
0.996721
0.697819
-0.305776
-1.854383
-0.097374
-1.506531
-0.562703
-2.066032
-1.547600
0.807939
1.446554
-0.167091
-0.661792
-1.159445
-1.633073
-0.220858
-1.278682
-2.292038
0.119241
0.216672
0.739656
-2.417241
-1.094404
0.305996
-0.036227
-1.406258
-1.223092
-0.571375
0.092611
-0.505857
-0.560694
0.886907
0.841211
1.548043
-0.829932
-0.693537
-0.537829
-0.704638
-0.321120
1.073800
-0.434302
0.164548
2.180850
0.578800
1.462816
0.030033
1.828581
1.919862
-0.042558
-2.550411
-1.150396
-0.531953
0.248892
-1.556416
0.763863
-0.442948
1.116462
-2.880593
0.328705
0.339386
-0.835070
-0.766830
-0.131390
0.473020
0.855980
0.173182
0.919795
-0.729284
-0.903426
-0.661767
0.242890
0.063341
1.288441
-2.172543
-0.914062
-0.321550
-0.723679
-0.446909
0.073367
-1.652767
-0.888495
-1.286671
1.158423
0.002033
-1.042438
1.208167
0.256006
1.871174
-0.360702
-0.845671
-1.859101
-0.389940
0.661066
0.860991
-1.077688
-1.385856
1.271475
1.874632
-1.735059
0.183254
0.877549
1.031939
-1.579302
1.414822
0.882328
1.382668
-0.313340
-1.275801
-0.734402
-0.033682
-2.380094
0.129496
-0.475424
0.721105
-0.840797
-1.082445
0.112545
-0.109454
-0.274150
0.147482
-0.736664
-1.015021
1.118085
-0.173046
-0.561610
0.162113
-0.756316
-0.763448
0.461100
-0.350082
-0.049395
0.572605
-1.366394
-0.692060
2.304236
1.773206
-0.599375
0.765515
-1.277387
-1.457479
1.791459
0.701471
-0.787667
-0.610620
1.751618
0.241732
-2.510414
-0.445397
-0.533988
0.859075
2.882205
-1.217867
-1.307012
1.337386
0.748054
-0.498714
-0.176446
1.304991
1.796358
1.044327
0.201846
0.557652
-0.835239
-0.295796
-0.240049
0.638709
-0.217520
-0.120240
-0.749009
-1.023084
-1.857092
0.817549
0.509120
1.043234
-1.511217
-0.549052
-0.458632
0.917098
1.768157
-0.182189
0.172904
-0.053110
-0.234842
-0.047112
-0.713765
-0.597366
-0.790612
-1.790925
-1.325623
0.534234
0.881606
-0.669248
0.015629
-0.609308
-0.128183
1.486743
1.474630
0.317962
-1.658915
-2.769233
-0.479402
-0.638806
0.977983
0.159183
1.707462
-0.946756
-0.091774
0.191555
-0.697302
-1.836215
0.038413
-0.180192
0.786932
1.021660
-0.015558
-1.316392
0.468693
3.815963
-2.606911
-0.344011
-0.215611
-1.349672
0.448030
-0.249189
-1.763559
-0.248844
-0.708390
0.497106
-0.072256
-1.246173
-1.081536
-0.384596
-0.118581
-1.650802
-0.537149
-0.572953
0.963428
-1.106697
-0.169333
2.473510
-0.069069
1.277271
1.757571
-0.077963
-2.295842
0.374396
0.802117
0.780539
0.828435
1.469689
0.853769
0.778509
0.234517
-0.619246
-2.043793
-1.747797
0.555524
0.414555
0.090269
-1.324782
0.128616
-0.181438
-1.476712
0.515751
-0.952487
-0.541402
-2.024191
0.378252
-0.792763
-0.124763
1.868452
0.902309
1.350382
1.951511
-0.164244
1.380003
-2.475187
1.840868
-0.619236
-0.704737
0.371295
0.469964
-1.653193
0.092058
1.308809
0.138980
-0.212622
-1.319194
-0.477393
-1.291445
-2.126424
-0.015356
-0.437915
-0.460477
-0.406595
0.636778
0.289520
-0.484935
0.036541
0.191581
1.697889
1.000124
-1.217561
-1.283403
0.004977
-0.367942
0.925364
0.056629
-0.332533
-1.770101
-0.719116
-2.312868
-0.587359
-0.209453
2.393454
-1.089270
2.088669
0.858923
-0.588639
0.291965
-2.685787
0.816995
-0.140541
-0.276381
1.616074
0.088488
-0.266037
-1.347226
0.594258
-1.641759
-0.027876
-0.028916
-0.900399
-0.491403
-0.295171
-0.792389
-0.745021
0.778391
-0.056540
0.065133
-0.706483
0.070029
1.080480
-0.189038
-0.592034
0.476556
-0.035679
-0.827308
-0.012091
-0.674961
0.359383
0.998208
0.684700
0.521888
0.215375
2.324216
0.884036
-0.238668
0.223432
-0.447576
-1.254864
-0.952166
-0.566520
-0.591986
2.893908
0.617721
-1.470573
1.187169
0.377385
0.513141
-2.236782
0.821446
-1.586865
0.474871
1.000567
-0.159108
1.562337
-0.883916
-0.382106
1.039563
0.664965
0.509929
-0.651232
0.308723
-0.485654
1.206507
-1.211922
-1.082011
-0.282078
0.156687
-1.859410
-0.140910
-0.370416
-0.932675
0.025038
-0.835933
0.717905
0.213551
-0.632362
1.285463
-0.634514
0.136069
-1.392735
-0.378140
1.018541
1.201797
0.814945
-0.212679
0.080543
-0.385066
0.586679
0.208725
0.325155
-0.513559
-2.283680
-0.533511
-1.884795
-1.058149
0.324151
0.816090
-0.935053
-2.910849
0.048937
0.011699
-0.869807
0.639682
0.117303
-0.553776
-0.073177
-2.032145
0.298089
-0.746759
-0.571403
0.357827
-0.665696
2.526736
-1.372750
0.853586
0.589706
0.213768
0.034149
0.454992
-0.205702
0.954166
-0.572295
-0.312485
0.225148
0.919766
0.332611
-0.334072
0.334194
0.255408
0.569783
-0.552563
-0.788799
-0.154216
0.757214
0.852896
-1.273182
0.622579
0.605430
-0.632527
-0.223920
-1.698966
0.122809
0.468706
0.723484
-0.332934
-0.571260
-0.637444
-0.631884
-0.935034
1.041913
0.933981
0.168201
-0.916004
0.649727
0.493514
2.470370
-0.698728
0.780328
-1.397171
-0.640365
1.306186
0.597869
-0.970134
0.603374
-0.967148
0.423104
-0.035790
-1.420423
1.196176
1.179342
-0.523830
1.040373
-0.476786
0.588032
0.591750
-0.036026
-2.612478
-0.264663
0.632693
1.993116
0.055109
-0.759264
0.056861
0.301706
-0.497101
0.015240
0.877989
-0.937153
0.571470
0.507493
-1.905603
-2.992432
0.596357
-0.125956
-0.077037
-0.689567
1.005917
-1.311588
-0.570603
0.466928
-0.075014
-0.265054
-0.238023
-1.601764
0.639469
-1.121429
0.525216
-1.025656
-0.978995
-1.927364
0.282938
0.839909
-0.006955
-1.159791
0.597995
0.068333
0.191907
0.132014
-0.914310
-0.180738
-0.255832
-1.815037
-0.188382
-1.294247
0.588846
1.921048
-0.204889
1.301024
-0.746421
1.468259
-0.912187
1.073413
-0.251895
3.756532
-1.937356
1.773544
-1.845471
-1.727400
-0.181495
0.147869
0.576831
-2.862133
-0.904564
-0.172788
0.687562
-0.236134
-0.473135
-0.945705
-0.369787
1.900544
0.105930
-0.385695
-0.792000
-0.575690
-0.088535
-1.691583
-0.859006
0.019657
1.892463
-0.516367
1.143373
2.565332
1.196023
0.227961
-0.107007
1.083505
-0.139625
-1.900672
-0.848705
-0.177470
0.650139
0.881930
0.919367
-0.226343
1.728797
-0.003917
0.934610
1.184430
-0.245694
-2.224357
-0.177730
0.755920
-0.398769
-1.814789
-2.112746
0.701711
1.293814
-0.053780
0.788673
-0.582430
-1.012286
0.134332
-0.276240
0.531800
-1.880252
-0.326722
0.191391
-0.143903
1.004002
1.332091
-0.823549
-0.133344
0.500314
-0.160893
-0.477470
0.707768
0.748841
0.568347
0.357860
-0.265885
1.196767
1.438353
-0.806169
-1.690120
0.691649
0.665429
-0.643794
1.406500
0.403015
0.718556
-0.056108
0.774840
-0.650190
1.445911
-0.140695
0.415080
-1.008702
0.002049
-0.823501
-1.083210
-0.230619
-1.290627
1.002992
-2.619748
2.040669
0.554555
0.470013
-0.301015
1.179469
-0.168620
-0.557357
0.813995
-1.526434
1.370940
-0.384953
2.910638
-1.717805
-1.114256
-1.240524
0.252612
-0.532691
2.799164
0.235540
0.277795
-0.789132
0.101511
-0.070193
0.258616
0.103641
-0.932653
-0.388216
0.041059
-0.862109
-0.635715
-0.234912
0.844181
1.624571
-0.634339
-1.308459
-1.054973
0.434138
0.127380
-0.347095
1.120464
-1.333951
1.080479
0.121812
0.927955
0.745408
0.802821
-0.203742
0.875663
0.190018
0.727390
-0.435831
0.372791
0.322123
-0.534819
-0.407821
0.810491
1.102365
-0.605517
0.013248
1.017563
-0.210845
-0.984093
-0.603890
-0.146668
2.284951
0.591708
-1.019841
-0.751931
0.656045
1.575456
1.250986
1.692552
1.366011
-0.098662
0.554370
-0.270461
1.830996
-0.136574
-0.724214
1.154641
-0.020422
-0.980109
0.981385
1.925902
-0.092582
-1.679988
-0.033426
0.979688
0.290766
1.032820
1.113444
1.578611
0.664356
-0.191217
-1.080879
-0.593326
0.306823
0.986058
0.707328
1.501991
-0.697270
-1.182533
1.526765
1.695209
0.594951
-1.630380
0.484015
2.440266
0.244422
0.777210
-2.164474
0.231227
0.352746
-0.606607
1.782039
0.487304
-0.907919
0.243307
1.147274
-0.396126
-1.876550
0.361001
-0.377653
0.119387
-0.977882
-1.348029
0.361959
-0.389922
2.058186
-0.877733
-0.188626
0.755144
0.749813
1.062311
-0.889587
0.120507
0.451706
-0.986404
-0.862465
0.845377
0.925051
1.242123
-0.194344
-0.097572
0.618317
-0.288948
-1.431457
1.403970
-0.157815
-0.963572
-0.604706
-0.754812
0.198761
0.243746
-0.496951
-0.259024
0.118970
0.974789
-0.910780
-2.984380
-1.325488
-0.037750
1.259880
0.245406
-0.915542
0.210409
1.014921
-0.537541
-0.716567
0.591103
-0.934199
-0.422379
1.056510
-0.149781
1.318128
0.230541
0.653172
-0.333089
0.536757
-0.495494
1.304516
0.450414
-0.229054
-2.212179
0.553602
0.257065
0.413151
0.493820
1.698260
1.173218
-0.694135
-1.365793
-1.204688
-0.095779
-0.853510
-0.443924
0.065983
1.205525
-0.260884
0.010944
1.253835
-0.310453
-1.407511
1.102385
-1.597928
-0.074721
0.021168
0.064705
0.361742
-1.243021
1.784578
0.879499
0.413347
-2.126910
0.063223
0.311221
-1.174445
-1.260964
2.368548
-0.393637
0.199204
-0.381571
0.015840
0.177594
0.294070
-0.490987
1.025602
0.150947
-0.627138
0.645640
0.528097
1.630826
-0.636340
0.072247
0.019071
-1.160222
0.510081
-0.144273
1.231958
-1.605345
-1.939223
-1.370746
0.409468
-1.022703
-0.281736
-0.158491
0.748531
2.174036
0.903363
2.436503
0.560823
0.255567
2.795995
-0.811766
0.972721
-0.188913
-0.877312
0.774860
0.493850
1.102634
0.300141
0.879801
1.158647
1.781257
0.640883
1.572953
1.165182
-1.536411
-0.416529
-3.061664
0.608750
1.532110
0.918953
-1.103734
0.909254
0.700596
0.026604
0.492345
-0.382932
-0.180802
-1.414415
1.981026
-0.101503
-0.146499
0.807648
-1.488785
0.854874
1.022201
-1.726461
0.813365
-1.902680
0.532807
-0.178802
0.439219
1.038608
0.922633
0.501751
1.240535
2.662797
-0.326059
-0.418584
-0.721680
1.487304
-0.223137
-0.100312
-1.119069
-0.018754
-0.094081
0.285326
-1.536127
-0.855456
-0.388495
-1.085740
2.016022
0.125980
2.694494
-0.677266
0.198696
-0.590571
0.872731
0.636492
0.689732
-0.202008
2.096156
1.035951
-0.730997
1.621708
-0.249529
-1.207134
-0.158420
0.897804
-0.252469
-0.659620
-0.114411
0.828553
1.006076
-1.750999
-0.331702
-1.282862
-0.839934
0.905213
0.413542
0.336191
0.495964
-0.560565
0.225510
-1.873682
-0.017601
1.218699
2.040410
2.620998
-1.120883
0.831829
0.236413
1.173791
0.590931
0.752003
-0.498399
0.374843
-2.214207
-2.156068
-0.137314
0.580956
0.539079
0.236529
-0.531139
0.475545
-0.220192
-0.041402
0.849339
-0.169702
-1.735506
0.896364
0.117225
-0.722464
-1.076048
-2.230396
0.171251
0.303096
1.813819
1.408997
-0.217294
0.114024
-0.098152
-1.089396
1.675875
-1.246980
-1.170010
0.624157
0.096143
0.228555
0.733593
0.375764
-1.080942
-0.312194
1.740887
-1.464382
-0.757931
0.256580
-1.190260
1.080820
-0.695346
1.962674
-1.642995
-0.785099
0.914443
0.629572
-0.957339
-2.058710
0.706988
1.200223
-0.449133
-0.253065
-1.247173
-1.821395
1.496157
0.399656
0.507828
-0.078712
0.699829
2.748528
-2.391183
0.876964
1.022206
2.055101
-1.667912
-0.727760
1.108481
-0.622990
-0.193443
0.464332
0.629306
-1.183455
0.006908
-1.552647
-3.398420
-0.749323
0.751114
0.318983
0.930229
-0.379097
-0.409291
-1.098076
-0.265217
-0.610690
-0.440537
-0.529789
0.204059
0.771189
0.183599
0.781712
0.772509
0.697627
-0.053049
-0.007562
0.868541
-1.082756
1.019735
0.173024
1.575487
-0.030839
0.217558
-1.709052
2.222716
-1.085429
0.168595
-0.409877
-0.267390
0.424435
-2.396934
2.410675
0.605468
-0.660187
-0.306153
0.879633
1.140553
-1.396802
0.162966
0.825822
-0.234177
0.045566
0.046206
-2.030956
2.426817
-1.312104
-0.811236
-0.978512
-2.880526
0.854656
0.075943
-0.040065
0.932998
-0.787797
0.224896
-0.116621
0.589598
-1.278825
0.067025
-2.102916
1.648803
1.223183
0.046057
0.289664
-1.028994
-0.676647
0.621366
1.267058
0.346093
1.304856
0.504156
1.485557
-0.963922
0.158797
-0.140665
-0.528939
-0.376806
0.436196
-0.061124
0.329531
-0.171543
-1.692374
-0.025994
0.220199
0.377772
1.205962
-0.796616
0.873814
0.591974
1.028357
0.106935
-2.485092
-0.623824
1.029885
-0.945669
1.111508
-0.996410
0.698740
-0.069297
-1.054823
-1.179567
0.028468
0.338919
-0.770216
0.253973
-1.408104
-0.461436
-0.714084
-0.871638
0.185168
0.270681
0.029672
-1.783183
1.884014
-0.301940
1.034247
1.987668
-0.546128
-1.258712
-0.406005
1.253993
2.002780
0.919747
-1.600985
-2.190369
0.509599
0.875237
1.278177
0.928456
-0.017720
0.449468
-0.350390
-1.465169
0.526929
0.461315
0.599572
-0.821549
0.445806
1.467310
0.333755
0.072288
-0.112810
-1.864001
0.145711
0.021563
-0.513634
-0.226986
0.846702
0.925794
0.714483
2.191408
0.606290
-0.641200
0.735080
1.225301
-0.225060
2.185395
-1.726829
-0.945358
0.476442
-0.261035
0.647523
0.118850
0.041277
-0.981606
0.333498
0.511140
1.918903
0.054658
1.192700
1.339180
-1.186654
-1.194144
-0.218456
-0.469625
0.485141
0.938934
0.031823
0.493292
1.821803
1.028568
-0.810485
1.045259
0.285635
0.011572
-0.565953
-0.524455
-0.053190
0.004990
-0.901901
0.801086
0.186947
-0.163535
-0.484139
-1.171070
-1.239806
1.110607
1.045007
0.474343
1.872445
-0.366974
2.377392
0.276696
-0.132078
0.958953
0.730350
-0.354707
-0.305884
-0.777108
-0.174430
1.192249
-1.777764
0.909175
0.341911
-2.148302
0.761809
-0.248472
-0.377888
-0.158708
-0.371468
1.480247
0.012525
0.495851
-0.875319
-0.385357
-0.894412
-1.428739
-1.805841
-0.210425
0.861723
-0.497504
0.754137
0.605807
-0.170608
0.416015
-1.260490
-0.236914
-0.718557
-0.315476
0.442436
0.064803
-0.564304
-1.054705
-0.090346
-1.583214
0.380383
-0.437913
0.549852
1.896137
0.182790
0.209508
1.409113
1.088194
0.214558
-1.308679
0.511391
-1.035586
-0.370218
-1.634332
0.001710
0.616352
-0.399094
0.776169
-0.003531
0.171025
-0.673380
0.536935
-0.369272
1.673903
-0.761146
1.722050
-0.467572
-0.453700
-0.455991
-1.296462
0.323719
0.738292
0.838741
1.058268
1.114016
0.276668
-0.852340
1.036344
0.128630
-0.756928
1.797450
0.467605
0.953368
-0.368715
-0.162154
-0.936724
-0.022402
0.328887
0.078056
-1.107807
2.085226
-0.826974
1.162590
-0.247973
-1.052843
-0.784402
0.500388
1.872980
-0.013051
0.507478
-1.466150
0.426174
0.038903
0.058626
-0.045082
1.822527
0.423920
-1.294522
-0.204477
0.688295
-0.375992
-1.485003
-1.665069
0.375820
-0.017495
0.362259
-0.600380
-0.922604
1.605752
0.021650
-0.801235
0.031699
-1.294011
0.114066
0.616986
0.911815
-1.607431
-0.588759
-1.641541
-0.546916
1.441848
0.157976
-1.200945
-0.756235
-0.583603
-0.257301
-1.015673
-0.369104
0.564878
0.764751
0.402242
-1.445638
0.387788
0.641761
-0.157256
-0.882612
1.681294
0.045704
-0.578365
-0.522299
1.792751
-0.987981
0.539691
0.792551
-0.346240
1.162465
-0.159162
-0.121015
-0.351775
-0.731964
-0.623365
-0.508147
1.718837
1.942946
-0.563783
0.006864
-0.974222
0.708139
0.152292
0.385105
-1.279042
-1.487535
-0.681265
-0.444977
0.473527
-1.238418
-0.801323
-0.037359
-0.321546
0.927698
0.825915
0.923783
0.974294
-0.736101
-0.145877
0.564958
-2.243276
-2.549500
0.692228
1.741790
0.120485
-0.520399
-0.053190
0.438140
0.968974
-0.019790
-0.435034
0.102785
-1.290815
-0.411484
-1.683000
0.876805
-1.533062
0.980341
-0.044523
-0.741326
-0.179436
-1.992356
-0.029504
2.183996
-0.332411
1.156589
0.221958
0.309630
0.111639
-0.436418
1.625884
-0.872772
1.387089
2.089185
1.483802
-1.536645
-0.816175
-1.077484
-1.824397
-0.174158
2.140100
0.585307
0.525791
-0.488157
-0.449223
0.577091
-0.336472
-0.612715
0.714203
-1.049711
0.031900
1.312461
0.019813
3.140827
-0.386354
0.740579
-0.451654
0.679916
-1.401548
-0.455605
0.054244
-0.519320
0.117964
-0.479046
0.456315
-0.198019
-1.318792
-0.123020
-1.136721
-0.123384
-0.687318
-0.595630
-1.837595
0.420870
-0.337992
0.750458
0.000424
0.149170
-0.464239
-1.508213
1.348625
-0.019700
0.712109
-0.681976
1.739547
0.786186
-0.018309
-0.103789
0.799436
0.162403
-0.409987
-0.475983
-0.027541
-0.010776
-1.277278
-1.305867
1.314715
0.709464
0.314126
-0.591649
-0.755374
-1.304734
0.779302
0.796422
0.868092
-0.572946
0.711579
-2.830926
-1.748132
1.129212
-0.956030
0.133966
0.037767
-0.006449
-0.490193
-0.536030
0.488296
0.408161
1.683382
2.910327
0.669856
-0.759169
-0.576458
0.380421
1.339455
-0.224787
1.082973
-0.966990
-1.158595
1.188702
1.080312
-1.751458
-1.352251
1.769333
1.258977
0.080919
-3.305598
0.916220
0.793628
0.284271
0.305586
0.484841
0.348741
-1.734363
0.394403
-1.255100
1.660975
0.675952
-0.798105
-0.044020
-0.113799
-1.097218
2.248125
-0.923802
0.326932
1.765547
1.028129
0.149481
-0.244512
0.075861
0.683260
-0.747920
-0.405424
1.627642
-0.647360
-1.295038
-1.448052
-1.116944
0.358479
-0.045286
1.369376
1.899504
-0.754322
0.325585
-1.003202
0.566653
0.622803
0.124521
0.232535
-0.919605
0.374832
-0.667460
0.403585
1.498965
-0.276940
0.190528
-0.556441
1.408760
0.706015
-0.536445
-1.249791
-0.761958
-0.327064
-0.247408
-0.761703
1.263431
-0.358763
-1.350573
-0.836078
-0.024621
-0.907365
2.246084
0.928484
-0.805449
0.286776
-1.448085
1.072218
-0.158798
1.798530
0.617662
-0.006457
-0.777640
-1.948852
-0.148736
-1.844265
-2.471435
1.027650
0.710160
-0.404806
-0.814683
0.573087
0.348202
-0.535191
0.457199
-1.024446
1.055468
1.807313
1.495277
1.235250
0.511757
-1.034673
0.093776
-1.380201
-0.330088
-0.583144
-1.812903
-0.553421
0.625222
-0.038620
-0.726188
-0.507236
-0.571997
0.429660
1.034475
-0.723495
-0.635654
-0.015929
0.546577
-0.175132
-0.016982
-0.165855
1.422723
-0.280683
1.201515
1.887635
0.392995
-2.391580
3.183941
-1.148249
-0.429397
0.598145
1.324832
-1.200928
-0.423508
1.156062
0.891464
-1.163169
2.378313
0.515311
0.604544
0.420069
0.703006
0.682622
-3.225093
0.565260
-0.170858
-1.701526
-0.039119
-1.090731
0.565394
-0.455606
0.519050
-0.346876
-1.513868
-1.733252
0.879899
-0.979711
0.879830
2.206135
-0.269472
1.271173
0.149983
-0.207607
-0.477359
1.335853
0.000475
2.767597
-1.320436
-0.376575
-0.693114
1.127007
-0.988831
0.445334
0.611861
0.562230
0.253976
0.842524
-1.458761
1.186403
-1.332342
-0.720164
2.740654
0.462903
0.696052
0.963563
0.998509
0.394660
0.189622
1.290507
0.018064
0.936612
-0.634819
-1.342287
-1.136358
-0.494937
-0.355688
0.834874
-1.552637
-0.292477
-1.480646
0.961786
-0.409022
-1.391232
1.136954
-0.380921
-0.148763
-0.871786
0.757427
2.669013
0.811624
0.458662
0.255075
-0.696600
-1.142999
-1.613880
-0.015197
0.531056
0.492906
-0.706670
0.229949
-1.278556
0.623656
-0.083836
-0.408112
-0.775476
-0.516186
-1.354738
-1.157015
-0.359681
-0.373738
-0.730377
0.613453
-0.741274
-1.327246
-0.665433
-0.135641
0.991252
-0.938709
-0.583632
1.691044
0.148483
-1.333299
0.482034
0.136142
0.768776
-1.265551
1.062775
-0.935455
-1.453700
-0.140712
-0.573999
-0.476152
-2.547006
0.825171
-0.298131
-1.855527
-0.061858
1.416314
-1.236461
-1.156465
-0.648910
-0.742028
1.732090
-1.107337
0.095959
-0.754984
-0.049603
0.005775
1.547579
1.364680
0.441902
0.051248
0.218049
0.066704
-1.008293
0.153699
0.265164
0.680173
0.763054
0.337730
0.350996
-0.034426
0.319088
0.579051
0.301611
0.701536
0.905272
-0.635124
1.460471
-0.289584
0.286221
1.014421
-0.607194
0.902332
0.725150
-0.235616
1.766540
0.595054
0.210913
0.563931
0.274077
1.012839
0.764908
1.260787
-0.241766
-0.863596
0.985087
0.996489
-0.120790
0.159170
-0.602527
-0.730194
0.174311
0.341653
-0.102170
0.690143
-0.692146
-0.108528
0.113848
0.631136
0.214848
-1.190930
-0.272930
0.965310
0.971138
0.592039
1.212495
-1.377612
-0.164644
0.438936
-0.826328
-0.537085
-1.589780
0.815227
-0.371567
1.365202
-0.496846
-0.432115
-1.496363
0.806643
-0.977738
-0.288565
1.221678
-0.656515
-0.740190
-0.172381
-2.362753
0.861345
-1.017242
2.353881
0.759894
0.747312
0.827904
-0.594305
0.374174
-0.254476
0.223661
-0.148424
-0.573330
0.460742
0.859680
1.771527
0.830123
-0.826923
-1.067776
0.139236
0.484474
0.982215
0.254313
-0.137066
-1.462951
0.410060
0.370218
1.531239
0.782640
-0.196428
-1.256584
1.420734
0.597025
0.152143
0.462499
-2.276372
0.537570
0.659796
2.056511
0.295624
0.821618
1.408989
0.912586
1.991825
-0.952081
0.605514
-0.100418
0.232161
-1.740169
-0.650506
0.313431
-0.576005
0.721864
-0.638786
1.055521
0.513381
-2.311524
2.118914
-0.066770
0.641841
0.861975
-2.030468
-0.665134
1.691019
-1.447939
0.203773
-0.474394
-0.747856
0.356865
-0.467651
-1.514710
1.084601
-0.032853
-0.954945
-0.322634
1.043452
-0.192115
0.103206
-0.267921
-1.679249
-1.484891
-2.394251
-1.701670
0.446875
0.473537
-0.795488
0.184105
2.125676
0.521230
-1.553822
-0.212640
-1.672669
0.192226
0.024670
0.519212
0.354141
0.939070
-0.233624
0.591492
-0.243244
-0.870430
-1.383019
-0.173827
-0.094779
0.694160
-0.991099
-0.323507
-0.827226
1.280461
0.497630
1.412793
-0.492390
1.143514
-0.632740
0.840749
-0.393413
-0.677671
-0.704639
0.751681
2.030129
0.593218
0.667510
0.712907
0.455904
0.092526
0.003963
0.319382
-1.661035
-1.461736
-0.551556
1.038949
-1.787180
-0.211685
-0.514869
1.593877
-0.285288
0.503857
-0.557110
-0.980506
0.200581
0.252300
-0.261103
0.445440
-1.355860
-0.607460
1.132410
-0.480246
-1.401746
-0.445190
0.916186
1.118494
0.699970
0.000594
-0.162644
-0.724180
-1.160109
0.075625
-1.608474
-0.169899
0.032437
-0.808388
1.809931
-1.219425
-0.258535
-0.444821
0.769178
0.850625
0.434578
1.321907
0.254198
-1.928499
0.187732
0.932866
-1.483766
-0.775881
2.281597
1.144713
-0.858477
0.119366
-0.514428
-0.721998
1.227404
-0.133693
1.724270
0.188942
-1.192327
1.003024
0.002488
-0.775334
1.580176
-0.444125
-0.603956
0.101067
0.243224
1.272869
-0.105140
-0.006746
0.437728
-0.644808
-0.383053
-2.639556
0.978545
-0.884253
-1.137463
-0.373081
0.731516
-0.734166
-1.163987
0.234755
0.243484
-0.254049
-1.123934
2.189832
-0.076011
-0.161133
-1.727553
0.018058
-1.702083
0.315714
-0.781563
0.148946
0.189572
-0.048063
-0.346718
1.069125
1.069217
1.255313
0.000188
-1.390433
-0.990332
-0.243584
-1.512177
0.657543
-0.106998
1.316521
-1.443268
0.720881
0.952931
-0.451985
0.234569
0.277403
-0.894723
0.855406
1.384879
-0.260176
0.647743
-1.588861
1.048163
0.406329
-1.749624
-0.690594
1.569218
0.797328
0.277367
2.002583
0.282078
0.250774
-1.336262
-0.629715
0.072013
1.026413
1.374946
-0.647863
-0.153607
0.882739
0.568509
-0.960410
-1.121923
-1.440928
-0.553970
-0.789764
-1.420277
0.792147
-0.562558
1.056045
0.180987
0.006313
1.131511
0.255063
2.199001
-1.845172
0.471061
-0.325258
0.773262
-0.209522
-0.149297
0.300782
-0.794512
1.501779
-1.144611
1.161632
-0.584393
-0.647035
0.802184
0.296839
0.832748
0.400171
-0.975144
-2.416283
0.188107
-1.024094
-0.920649
-1.171908
-0.037575
0.804926
0.816952
-0.197526
0.151178
0.556756
0.108938
-0.834625
-1.681708
-0.237242
-0.391564
0.108550
-0.187736
0.601781
-0.219564
0.549275
0.187215
0.456991
1.444679
0.767198
1.136430
-0.948756
-0.428486
-1.908075
0.022336
0.241658
-1.711010
-0.015257
0.751954
0.100417
-0.293652
-0.956041
-0.418855
0.675051
1.383568
0.678463
0.469807
-2.055968
0.512763
-0.412390
0.712946
-0.721401
-1.014319
-1.331856
-1.187436
-0.606204
-0.927941
-0.129363
0.906760
-1.525416
0.319455
-0.272984
1.696293
0.932432
-0.024473
-0.769856
-1.284150
1.418222
-1.168440
-0.992592
0.585899
0.126141
1.947959
1.369365
1.620226
0.758351
-1.107357
-0.077672
0.552206
-0.040031
1.186250
0.355924
0.265105
0.054342
-1.108717
0.987571
-2.056553
0.658933
-0.105787
-0.375244
-0.396054
1.077225
0.877571
-0.087174
0.086641
-0.415339
1.306046
0.261705
-0.702151
-0.268265
1.185381
2.051278
0.730634
2.222969
0.070237
-0.299920
0.230463
-2.170692
-3.180723
-0.705786
-0.500724
-1.090448
0.038982
-1.431673
-0.683285
0.683466
-0.411948
1.514651
0.636805
0.354995
-0.667978
-0.708098
-1.187435
-0.242660
0.410064
0.532768
1.157038
-0.195668
0.802780
-0.694864
1.671595
-0.111895
-1.986966
0.500511
0.161931
1.975534
0.932523
-0.489260
-0.221770
1.728669
0.703931
-1.002069
0.626787
0.707768
0.633686
0.480239
0.543662
0.571617
-0.478492
-0.810984
0.364716
-0.808901
0.513414
-0.758239
-0.821912
0.778866
0.665102
0.898157
0.158873
0.852511
-0.050206
0.336364
-0.562984
-2.401862
-0.551521
0.896540
-0.920538
-1.975650
0.728045
-1.453821
0.337683
-1.563642
-0.028617
0.062780
0.928377
-0.963217
-1.359296
-0.212486
0.000515
0.189060
0.626854
-0.403469
0.875038
-0.403169
1.240695
2.312149
0.427754
1.236274
0.223079
1.106533
-0.616569
0.751318
-0.155249
1.117668
-1.128179
-0.047826
-0.203849
-0.349573
-1.189567
3.077041
0.102834
-0.096531
-0.066623
0.798685
-0.312287
-0.728447
0.250509
0.637117
1.281930
0.962615
-1.259312
-0.443429
-1.322576
0.266467
0.460896
0.405413
-1.634756
0.406711
1.538890
-0.443234
-2.191695
0.891435
-0.245902
0.028695
-1.349657
-1.869648
-0.516565
2.080641
-1.122927
-0.090190
-0.283965
-0.895122
-2.071412
1.648828
-0.559442
0.260394
0.284401
-1.102835
1.220443
-1.068857
0.579371
-0.612950
1.061763
-1.243746
-0.070217
-0.619475
-1.396576
0.917423
0.205769
-2.229505
0.516209
-0.228045
-0.469139
0.936601
-0.404743
0.097936
-0.386427
1.481513
-0.925726
-0.059786
-0.491812
0.827194
-0.948865
-0.774451
0.275050
0.706973
-1.296162
-0.082135
-0.438320
-0.432458
2.137819
0.244648
0.388127
-1.039749
-0.478510
-0.349446
1.445458
0.339230
0.519057
-0.428532
1.295051
1.958929
0.211042
-1.619238
0.941618
0.354748
-0.337038
0.138076
-0.357427
-0.014323
0.055909
-1.407924
-1.206535
2.754019
-1.035700
1.467998
0.054720
1.376345
-0.824716
1.589148
-0.863810
-1.889982
0.440717
0.530597
-0.352437
-0.037137
-0.064726
-1.054758
-0.076259
-0.551586
-1.023443
0.285891
0.073726
0.622995
0.719415
-0.525515
1.045962
-2.968438
2.186447
-0.805143
-0.978222
0.946573
0.684129
-1.409801
-0.075444
-1.542566
-1.544083
-1.155892
1.116112
0.190213
0.699099
-2.156974
-0.672821
-1.138865
-0.086970
0.701743
1.536450
-0.628841
1.562885
-0.290220
1.004883
-0.261219
0.411885
-0.952131
1.386499
1.445036
-0.699803
-0.034272
-0.049539
0.727089
-0.836103
-1.540181
1.420118
1.049918
-0.654544
-0.644538
0.455996
0.163852
-0.325500
-1.030567
0.737569
0.049648
-1.442758
-0.195023
0.267395
1.586320
0.009045
1.217704
-0.076853
0.983012
0.267434
2.336990
0.097005
-1.019300
-1.230050
-0.662171
0.372835
0.669076
-0.366541
-0.468552
0.725691
0.294448
-0.046607
0.016578
1.266143
0.619762
-0.765196
-0.035287
1.399282
-2.959219
0.992532
1.023812
-0.270993
0.144714
0.199304
-0.471236
1.475823
1.168882
-0.528357
0.285455
-1.486620
0.176612
-1.301174
-1.230251
-0.128134
-0.388912
2.326367
1.110936
0.403540
-0.445121
2.263179
0.403729
1.488720
-1.331352
-0.425280
-1.284482
-0.561728
1.224912
-0.526196
-0.115518
-0.758475
0.907937
0.103028
0.524623
0.084780
-1.583059
0.682737
-0.450777
0.449202
0.367361
-0.564839
-1.004997
-1.193907
-1.159994
1.569550
-0.418956
0.042791
-0.445490
-0.573049
-0.278640
-1.295199
1.911376
-0.923157
-0.711035
1.538367
0.269624
-1.016422
-0.007573
0.767581
0.246783
-1.645690
0.622483
0.076777
-0.825275
0.683033
-1.182152
-1.524515
-0.054279
-0.923664
-1.259993
1.226039
-0.808188
-0.152566
-0.957061
-0.525709
-2.051599
-0.368165
-0.567088
0.545273
1.600152
0.782002
-1.076520
0.215420
0.217896
0.305903
-0.588458
-0.314108
0.463557
0.967523
1.908245
-0.461344
2.434367
0.677998
1.094833
1.194391
0.153340
-0.491714
0.577085
1.587154
0.740742
-0.942523
-0.537827
-1.133917
0.029396
-0.318042
-0.427314
0.433572
1.026405
2.649306
-0.629647
0.351392
0.542326
-0.548781
0.705185
-1.324007
0.787253
-1.011112
0.110948
-0.204125
1.374105
-1.010772
-1.120591
1.588659
0.391839
-1.495808
-1.162397
2.380683
0.009563
-1.580732
1.235035
-1.010139
1.399754
-1.016612
0.539066
0.834110
0.079379
0.575069
-0.364287
0.128416
1.621249
-1.290314
-0.212486
-0.306081
-0.721135
-0.732382
-1.233895
0.387548
0.705345
0.390262
0.509652
-0.457233
-0.353587
0.274688
-0.746278
0.182171
0.007533
-1.500696
-1.525942
-0.087226
0.375181
1.359998
-0.505640
-0.571744
0.039597
0.564714
-0.669954
0.122051
0.350365
-0.424797
-0.957007
0.443296
-1.089887
-0.539103
0.178401
0.020370
1.277238
1.062627
-0.288207
0.212609
-0.282624
-0.842033
-0.121561
-0.221761
-1.646694
-0.084758
-0.636255
1.148027
1.920937
0.643367
0.343369
-0.564694
-1.997251
-0.314219
-0.977978
-1.581571
-0.191508
-1.842446
-0.563916
1.419338
1.101565
0.437779
-0.271725
-0.098740
-0.091556
0.007613
0.496504
-1.603705
-0.664654
1.574583
-0.050834
0.378176
-1.129482
1.206725
2.034496
1.832207
-0.272144
-0.734428
0.105820
-0.625893
0.072800
-0.007147
1.163515
0.880939
0.005653
1.113283
-0.614410
1.750223
-2.112326
-0.629127
1.239664
-1.060297
0.020652
-0.375314
1.217718
-1.263892
2.907883
-0.083869
2.124788
2.857449
0.716475
-0.868974
0.331407
-0.884673
1.150182
0.580639
0.855542
-2.605021
1.031301
0.917289
1.152928
0.168597
-0.406056
1.195689
-0.087278
-0.151030
0.368725
-0.682562
1.563076
2.602859
-0.440270
-0.640404
-0.072969
-1.465192
-0.343277
0.361175
-0.324751
0.192085
0.876468
1.105924
-0.719222
0.532986
0.914190
1.001983
-0.116553
0.775910
-2.044890
-0.476717
-0.681425
1.038322
-0.013181
0.593365
-0.136848
0.576512
-0.359989
-0.211622
-0.658750
-0.238633
-2.565262
-0.923476
-0.364637
0.439195
1.003829
0.609860
0.686540
-0.967951
-0.128640
-1.999714
-0.261905
0.695446
-1.048381
0.039432
-0.484265
1.139589
-1.329021
1.805300
0.396190
1.439950
0.021011
1.150614
0.721482
-1.466399
0.442842
-1.186514
-1.373108
-1.153906
-0.792889
0.301207
-0.260440
0.989228
0.792679
0.178601
-1.825550
-0.977699
0.933387
-0.446759
-0.453263
0.842273
-0.925998
1.061274
1.305241
-1.686535
0.785114
0.053865
1.132785
-2.888233
-0.484496
-0.924953
-1.105017
1.350396
-0.493160
-2.715081
0.434860
0.548596
-0.879359
-1.639809
1.129703
0.183517
0.360677
-2.693717
-1.202872
0.312731
-1.358305
-0.810289
-0.325987
-1.020608
0.761962
-3.131295
3.476504
1.568333
-1.467434
1.335740
1.371750
0.762321
-0.808428
0.426525
0.207569
0.014028
-0.426389
0.385244
-0.893545
0.089032
1.651088
0.717173
-1.077890
0.027647
0.152621
0.389943
0.770993
0.151488
1.881811
-0.747222
1.409186
-0.789952
0.928095
-0.354460
-0.542833
-0.221676
-0.380625
0.499362
-0.001927
-0.026915
0.032838
-0.599737
-0.617124
1.281393
-0.043015
0.432259
-0.095461
0.937057
1.052182
0.029101
0.123711
0.481615
0.224789
0.082792
-0.772523
-0.020701
0.973916
-1.242062
0.900750
-0.046792
1.303487
0.370961
0.245476
-0.553103
0.654069
1.396965
0.281064
-0.248472
-0.300184
1.130132
1.067392
-0.598969
2.070543
2.233591
-0.660930
0.912597
0.147691
-0.503829
-0.295508
0.580096
-0.315962
0.243451
-1.024801
-0.280330
-0.147327
0.534048
0.265744
-0.410297
-2.554394
-0.071955
0.490149
1.673330
1.257992
-1.289629
1.143001
-0.389285
-1.705411
0.236518
-0.278831
0.152894
1.694326
-0.402420
0.382667
-1.352324
0.533507
0.530018
-0.839122
-1.124190
1.238130
-0.069354
-0.330531
0.096839
0.388433
-0.756178
0.419564
-0.096826
-1.145273
-0.580184
-0.573607
0.173529
-0.255563
-1.552620
0.464945
0.194366
0.879522
1.686378
0.032379
-1.692878
1.420931
-0.776176
0.493829
-0.386040
0.208451
-0.627283
0.766159
0.245197
-0.022830
0.402860
0.387963
0.672053
-1.832098
0.680341
-1.175773
0.425509
-0.346529
-0.444889
-0.208880
-0.787020
0.557425
0.743348
0.483518
0.657607
0.924397
0.408659
-0.052690
-0.173749
0.415197
-1.004475
0.337805
0.122697
-1.057954
-0.295074
-0.222173
-0.850391
1.456319
-0.092647
0.303670
-0.480464
1.261970
0.600179
1.010597
-0.914166
0.350186
-0.142252
-1.320737
1.343987
0.949840
1.340527
1.079178
-0.657998
0.979949
0.984055
0.857539
0.334500
-1.291022
0.784982
-0.960195
-0.043233
0.764192
-0.455757
-0.355845
-0.999757
0.578697
-1.023400
0.827424
-0.084993
0.651603
-0.478983
-0.462103
0.219809
-1.082315
-0.883044
0.061262
0.757914
-0.289361
0.002058
0.202123
0.205164
-0.570469
-1.021446
-0.088747
-0.114069
0.889994
0.749439
1.573048
0.999584
-1.033601
-0.958596
0.820372
-0.657639
-0.246001
-0.704334
0.385295
0.345059
-0.947863
0.162486
0.578641
-0.372476
-1.011305
0.260511
-1.678658
-0.058961
0.847856
-1.008553
0.748991
0.610596
0.750114
0.318087
0.926616
1.129693
0.051971
0.613117
0.346227
-0.141481
0.780121
0.304363
0.256009
0.562132
-0.338558
-1.071712
-1.783236
-0.883540
1.537091
-0.492904
-2.190508
0.443717
0.285888
-1.074555
-2.257609
-0.352523
-0.525191
-0.168182
0.480513
0.028219
-2.611806
-0.104513
-1.336588
1.035400
0.474336
-0.668413
1.023904
0.160443
0.713854
1.392973
-2.033516
-0.414396
-1.843609
-1.219881
0.528469
-1.328749
0.559010
1.171514
-0.612765
-0.742848
-0.227508
0.914921
1.930962
2.259764
0.174716
-0.323764
1.123476
-0.826699
0.019304
0.425102
1.005225
-1.002812
0.599653
-0.899896
1.648356
-0.602635
1.330263
0.228234
0.884001
0.120733
0.040458
0.214694
-1.557407
0.287226
-0.318515
-1.259987
-0.106179
0.551805
1.631806
-1.477580
1.203019
-1.364479
-1.929374
0.868412
1.185701
0.832665
-1.683277
0.199249
-0.739251
-0.397680
-2.010097
0.485690
0.056992
1.015381
0.940082
-0.791736
0.686029
1.341178
0.672326
1.582884
0.995378
1.376822
-0.210320
0.309448
-0.527111
-1.001048
-0.154363
0.066235
-1.290426
0.593871
1.290129
1.383995
-0.313199
0.648720
0.414707
-0.409028
-0.637673
0.630127
-0.545394
-1.683816
-0.036692
1.180378
0.164970
0.203964
-1.566791
0.796795
-0.542217
0.060895
1.529762
0.675747
1.357481
0.549090
1.462236
0.411515
0.628964
0.429961
-0.776313
-0.479101
-2.028914
0.476542
-0.485504
-0.496225
0.951429
0.578107
-0.330224
-0.458228
-1.043602
-0.173116
-0.228392
-0.407373
-0.868695
-2.285916
-0.840485
-2.149633
0.276405
1.117137
0.979911
-0.293442
-0.867368
0.466016
-0.962602
0.578134
-1.836904
-0.057963
-0.053620
0.731290
1.084601
0.134712
0.585486
1.043167
0.396612
0.325559
-1.912163
-0.633322
2.337061
1.151833
-2.165034
0.237763
-1.376591
1.946351
-0.364356
0.877120
1.511038
1.939275
-2.393230
-0.534990
0.186088
0.165015
0.197872
0.353969
0.737908
-2.306421
-0.505442
-1.330184
0.273401
0.370027
0.489535
0.132154
1.229708
0.649733
-0.340552
-1.826062
1.662007
0.611417
0.293712
0.488971
1.380396
-0.719512
0.209298
-0.020281
-0.007182
0.753824
1.194257
-0.729823
-0.000834
1.226300
0.289864
0.726221
1.270529
-0.133027
0.131725
-0.269159
0.809305
-0.016642
0.933920
1.780364
-2.154895
0.178929
1.290554
-0.657819
0.657008
0.089677
-1.917030
0.555980
-1.671280
0.652962
0.792949
0.686216
-1.094353
2.918125
0.181899
0.872258
0.892631
-1.494564
-0.153004
-0.244422
-0.936917
-1.165058
0.527494
-0.443388
-2.132212
-0.259342
2.466586
-0.293693
0.164793
-0.775140
-0.179264
0.123837
0.502053
0.587275
0.544821
-0.691325
0.066589
-0.121147
0.282097
-0.478993
-0.152105
0.984124
0.773286
0.118441
0.946542
0.101582
-0.994138
-0.663953
-0.129002
-0.449808
-0.656458
-0.857318
0.328367
-0.850801
-0.181112
-0.170475
-2.880318
-2.047815
0.654132
-1.134981
2.018711
1.378744
1.778128
-1.468348
0.533738
2.395847
-0.828130
0.354811
0.151569
1.807443
-0.147454
-0.635604
0.375192
-0.261446
-0.713238
0.710911
2.066431
-1.018295
0.301819
0.493018
-0.059286
-0.511820
0.724322
0.370751
1.236511
-0.498554
1.985385
0.910994
1.221345
0.126170
-0.714212
1.327339
0.726496
-1.332376
-0.351123
0.496593
0.779574
0.829948
0.807123
1.077230
-0.818738
-1.146998
0.896873
-0.479174
-1.522900
0.923986
-1.176227
-1.096582
-0.023573
0.329355
0.205188
1.138220
-1.261055
-0.356635
-0.377311
-0.444257
0.724720
1.551922
0.609660
-0.399474
-0.011228
-0.733821
2.207821
-0.774918
-1.775604
0.356722
0.309847
1.346446
0.959417
-0.875969
0.454318
0.301490
-0.618100
0.256174
-0.233680
-2.363541
-1.231769
-1.484132
-1.098134
-0.660594
0.246305
0.922779
-1.280805
1.438304
0.249315
-0.042056
1.258341
0.752357
0.425793
-0.679087
-1.453283
0.741140
0.946784
-1.339558
-0.227815
-1.443465
-0.203278
0.063902
-0.741225
-1.026381
0.465193
0.025242
-1.019732
1.443606
-1.123128
1.230082
0.176588
-1.006712
0.882464
-0.755948
1.039162
-1.109239
0.423187
0.184864
-1.447940
1.617001
-1.192134
0.234042
-0.030178
-1.191298
-0.348572
0.331109
2.061371
0.114841
-0.353361
-0.500763
0.498411
-0.329433
0.186549
0.636532
1.866419
3.314766
0.960583
0.602814
0.291093
1.734634
-0.691816
0.761975
-0.258223
0.756920
-0.945099
0.447005
-0.656981
-0.516822
-0.052655
0.602246
-0.101947
-0.061192
-0.394094
0.717220
-0.266832
0.340195
-0.709808
0.913217
-0.421946
-0.944625
0.182384
-1.180970
0.162385
0.158185
0.243564
0.595884
1.259349
-0.579988
-1.603811
-1.733205
-0.132596
-0.408520
0.750430
0.473043
1.070114
0.163103
0.492613
1.570554
-0.055958
0.647420
-1.052509
1.266730
0.468912
1.377172
-0.472903
-0.103606
0.964979
-0.282525
-0.044100
0.446218
0.749021
1.986157
-1.734092
0.479828
-0.309148
-0.424054
-0.510762
0.047822
1.454407
0.816972
1.626977
-0.048823
0.168268
-1.712138
-1.486472
-0.568965
-0.056681
-0.106713
-0.488167
0.109000
-0.253448
0.297024
1.766045
0.130982
-1.638452
0.060614
-0.319009
0.033614
-1.066869
-0.999426
0.515303
1.298103
-1.224222
0.588529
-2.359909
0.733334
0.807877
-0.283876
-0.601813
-0.563424
0.891155
-0.170099
-0.148948
-0.070795
0.293500
-0.737615
0.103362
-0.662428
1.553314
0.082435
0.029030
1.118847
1.501154
-0.687842
0.383670
1.035221
-0.099871
2.574150
-0.583575
-1.480145
-1.831412
-0.966811
0.823882
-0.594564
0.395862
-1.139263
-0.046230
-1.017383
0.218402
0.873924
0.447858
-0.358150
-1.154778
0.621861
0.377145
-0.421691
-0.527866
-0.654768
0.260905
0.507955
-0.709184
1.136567
0.418110
1.068256
-0.351563
0.734199
0.817787
1.818580
-2.697181
-0.631762
-1.621174
-0.555484
1.358118
0.511985
-0.210752
-0.449439
1.034697
0.351668
0.544289
-0.129014
-1.659274
3.047257
1.463145
-0.996259
2.554621
0.230772
-0.065511
1.006705
-0.460232
0.503828
0.362538
0.069844
-0.710216
-0.046884
2.007223
0.782252
-0.028490
0.689481
-1.530749
-0.953688
0.164971
1.110863
-0.694933
-0.985210
-0.996717
-1.927036
-0.216579
0.397338
-1.625755
0.905677
-1.890081
1.117282
0.589183
2.033257
1.816686
0.368976
0.112625
0.464883
0.311780
0.171702
0.112701
0.120470
-1.016254
-2.163535
-0.638648
0.302700
-0.703502
-0.799937
1.064910
-0.299859
-0.429608
-0.252072
-0.769485
1.523219
0.940644
0.972918
-0.307655
-0.223270
1.048000
-1.068072
0.404694
0.012312
0.435512
0.346560
-0.049110
0.595757
-0.622970
-1.271278
-0.275777
-0.253052
-0.481866
1.392915
-1.300088
-0.103833
-1.440441
-0.934073
-0.579585
-0.042469
1.988162
-0.672737
-1.326253
0.258301
-0.072122
0.241355
-0.238023
-1.758664
-2.637573
1.856068
-0.982117
0.703282
0.017178
-1.022802
-1.240706
-0.575644
-0.661691
-0.313423
-0.743054
1.012239
0.801207
-0.708760
0.231870
1.351251
-1.325317
1.808179
2.155536
0.658299
-0.657861
0.458303
-0.176003
-0.147345
-1.667239
0.767747
1.343802
1.884756
0.235327
-0.937135
-1.547000
0.813996
-0.223447
-0.241071
0.753698
0.595182
-0.161310
-2.212206
0.665042
1.888611
0.823400
-0.315566
0.628981
2.092917
0.402884
1.467516
0.380387
0.646151
0.913956
-0.969214
-0.850220
0.564088
-0.793970
-1.517226
-0.404211
0.336642
0.397749
-0.125789
-0.130533
0.759116
-1.827709
1.191314
-0.200925
-1.085946
0.644232
1.205795
-0.907955
0.444028
-0.609918
1.696065
-1.160278
1.078705
0.183260
-1.165833
0.812325
0.617635
0.948476
1.472364
0.182628
-0.565523
0.805517
-0.203821
-0.056414
-0.393583
-0.258542
0.217997
0.041538
-0.324002
0.475750
0.192374
-0.347763
-0.432387
-1.077596
-0.687732
0.931535
0.290839
-1.731022
0.614110
-0.026138
0.424144
0.243546
-0.029504
-0.347784
0.444618
1.004062
-0.513685
0.286799
0.905687
-1.616557
-1.049962
0.546421
-0.322787
-0.034703
0.795550
1.331713
2.163901
0.036369
-0.257258
1.460564
0.916458
0.073303
-0.385012
1.604324
-2.306975
2.009560
-0.751180
-1.509565
1.007240
1.298998
-1.674534
0.144530
0.092621
0.309766
0.135505
0.908452
0.658090
-1.147768
0.851133
-0.835325
-0.342781
0.675914
0.027319
0.736164
0.409712
0.420636
1.281102
-0.539462
1.026590
0.952037
-0.415481
-1.073557
0.277829
0.140786
0.759782
1.374281
-0.159820
-1.484829
-0.713826
-1.561751
-0.461956
1.715814
-0.388819
0.699244
0.249943
-0.256909
1.645878
-0.864845
0.820583
0.201141
-1.700316
0.044908
-1.283595
-0.414996
-0.401868
-0.249652
0.684746
-0.239680
-0.179722
1.388026
0.763128
-0.089563
-0.967230
-2.215973
-1.781143
0.685021
1.811208
-1.272189
0.938033
-0.456688
-0.837548
-0.052758
1.025448
1.142176
0.441283
1.475987
-0.374315
0.144285
-0.076617
0.263407
-1.294936
0.104968
-0.689182
-0.000808
-1.230330
0.157805
-0.754967
1.886396
-1.312210
1.308398
0.880889
0.563813
1.060880
0.162513
-0.963733
-0.853174
1.759993
-0.582588
1.259380
-0.401826
-0.209763
-0.658252
0.452761
0.301045
1.772877
0.368145
1.308783
-0.954715
-0.782182
1.499191
0.293438
0.342632
-0.549206
-0.222810
1.209457
0.354540
-0.735931
-0.614695
-1.406992
-2.203580
0.309381
-0.269810
-0.097574
-1.672955
-0.801790
-1.617678
-1.383565
0.288760
0.063190
0.536685
-0.878106
0.362068
1.667117
0.034627
-0.940360
-3.093797
-0.844696
0.787252
-0.353335
-0.164572
2.213286
-1.827901
2.430929
-0.014338
-0.129647
1.042175
0.533483
-0.331686
-1.060877
0.860880
0.777227
-2.022866
-0.633004
-0.159628
1.159610
-0.376580
1.721748
-0.777509
-1.414782
1.141352
-0.588693
0.965265
1.604282
0.184636
-1.174643
0.801764
0.425782
-0.763831
-1.161859
-0.352306
0.212270
0.949800
-0.463728
-0.519153
-0.830081
0.141309
-0.600204
-0.017371
-1.023413
0.810255
0.393906
-0.669810
-0.120694
0.573659
0.468292
0.024189
0.583260
-0.989055
-0.772039
1.550790
0.824670
-0.816405
0.128570
-0.835023
-0.730985
-1.505221
-1.407305
1.002620
0.823173
1.455413
-0.039611
-0.697993
-2.014157
0.302020
1.107045
0.520549
-0.495494
0.683507
-0.010154
0.863807
1.482829
-0.145469
-1.014946
-0.145372
-0.516694
-1.446214
-1.798952
-0.019381
-2.509462
0.745062
-0.595281
-0.973827
-1.008941
-0.362701
1.716508
-0.225421
1.147933
-0.177989
-0.568398
-1.325962
-2.197130
-0.147582
-0.517706
1.475607
-1.354263
0.372859
-1.039730
-1.476322
-1.152587
0.212898
-0.465188
-1.289169
0.297362
1.155740
-0.093435
0.908348
-0.585859
-0.195759
1.981034
-1.691100
0.173914
1.052380
-0.001765
-0.232542
-0.481833
-0.252319
0.216543
0.033376
-0.090906
0.501361
2.035566
0.258187
-0.192830
-0.107423
-0.016991
0.156463
0.665681
-0.641049
-0.493404
-0.164208
0.723543
-0.138340
0.852287
-0.420217
1.138790
1.745184
-0.201450
-0.301751
-0.237118
1.096717
0.069220
-1.532519
-0.572293
1.629464
1.072945
0.095281
0.742903
-0.723869
-2.187025
0.660991
0.803787
0.344158
-0.277295
0.971031
0.905845
1.484491
-2.291139
-1.403981
-1.175398
-0.298813
0.443788
-0.054857
-1.005089
-1.959395
0.240318
0.026286
-0.698647
-0.007024
2.122447
0.835084
0.481478
1.451356
0.372497
-1.863673
-0.878599
1.096793
0.908241
1.023269
1.256629
0.031487
-0.266048
-0.407389
-0.406369
0.620737
0.638230
-0.048042
0.209740
0.393960
-1.179926
-2.018694
-0.853289
0.702660
-1.666942
-1.352416
-0.416620
-0.104439
-1.412680
-0.127733
-2.553569
-0.083102
0.462788
1.595370
1.217088
-1.915399
-1.291769
-0.917763
-0.039444
0.291952
-1.059038
0.541942
0.748260
1.954396
0.476794
-0.701703
-1.118655
-0.404549
0.784730
-0.110370
-1.616429
0.642697
0.321128
-0.056506
0.093728
0.782192
0.756559
0.050246
-0.993569
0.732409
-0.044747
-1.588206
1.107173
-0.022677
0.593766
0.368660
1.893757
-1.684133
-0.875762
-0.432030
0.537971
0.678449
-2.552015
-0.298097
1.076741
1.564996
-1.201932
1.814208
0.861423
-0.170133
1.880932
-0.168777
0.641115
0.792841
-0.938753
-3.011812
1.128042
0.867654
-0.538812
1.137311
0.457340
-0.602678
-0.501887
0.297770
-1.113537
0.380121
1.480883
-1.503096
1.358556
0.595310
-0.674072
1.232505
-0.697789
0.432020
0.485574
-0.605934
1.680959
-1.693939
-0.061605
-1.115809
1.728564
-0.992036
1.750879
1.535861
-0.380340
-0.290497
0.737415
-0.342878
-0.831471
-0.980944
-0.482586
0.173172
0.357731
0.870457
-0.166384
-0.663856
-0.630474
-0.384923
-0.086865
0.641179
0.356821
-0.304796
0.330280
-0.373512
-1.480090
-0.068247
-1.657745
-1.633724
-0.996611
0.638442
-0.671071
-0.057628
-0.803846
-0.816154
0.110602
0.101261
0.007568
-1.337636
1.154181
0.940920
0.006580
-0.771533
-0.229500
0.353980
-0.505332
0.540892
-0.442542
0.249145
0.219683
0.873414
0.217486
0.973657
0.970027
0.269072
0.359882
0.449068
-0.676037
0.176271
1.531891
-0.961950
-2.575212
-1.181038
0.295665
-0.831431
-0.065248
0.407153
0.756327
0.951168
-0.260366
0.645602
-1.286609
-0.443814
-0.796471
1.140609
0.334448
1.417448
-1.898073
-0.886181
-1.427369
2.340886
-0.313121
0.208899
-0.338179
-1.793999
0.529736
-1.859589
-1.638034
0.575207
2.883204
-0.655211
-1.153884
-0.034083
0.781188
-0.466497
0.605224
-0.885633
-0.992632
1.050572
-0.350065
-1.290525
-0.876143
0.866207
1.405735
-0.081043
0.692999
-0.321428
-1.541549
-0.398010
-0.198958
0.192787
-0.220391
0.944094
1.280239
0.574645
0.146670
0.674963
0.379496
-0.471727
0.681068
-0.382583
-0.905102
1.317483
0.880421
-1.002022
0.874511
1.421503
1.121560
-1.456754
-0.348593
1.314269
0.083939
1.747236
-0.268822
-1.572194
-2.288054
0.150653
0.550130
0.197742
0.004118
0.557927
0.689221
0.544319
-1.140017
1.285442
-0.306385
-0.957606
1.219617
-0.527562
-1.260021
0.184546
1.582251
0.651863
0.001663
-0.175939
2.654870
1.658058
0.762404
-0.901004
-0.991988
2.124804
0.497693
-0.407900
-0.116709
-1.178602
-1.515446
1.081847
0.334314
1.019480
-0.187261
0.178545
-0.727961
0.220846
0.401620
-0.185462
0.150589
-0.693570
0.773434
0.411485
-0.422975
1.429626
-0.411481
-0.829020
-0.854816
-0.670831
1.347382
0.567830
0.325749
1.535737
0.697871
-0.431617
1.114864
0.719904
-0.201929
-1.852081
-1.494354
0.448875
-0.070764
-0.978227
-1.018575
0.439289
1.039716
0.609949
-0.014551
-0.378388
-0.370704
0.807428
0.217883
1.337037
-1.693483
1.001040
-1.075464
0.815101
0.664415
0.510555
1.078518
2.445053
-0.890864
-0.092951
2.503237
0.467589
0.500493
1.148604
-1.107355
0.670872
1.487249
-0.257030
1.547496
1.202563
-1.217934
0.053995
-0.019967
0.474941
0.642122
1.503110
0.842116
0.494723
-0.114530
0.656105
0.078840
-0.993334
1.498725
-0.214337
0.325543
-0.927186
0.346290
0.958509
0.855002
-2.316120
2.483273
0.344298
-1.111675
0.524840
0.100722
-0.250888
-2.248278
0.717233
1.376315
-0.468277
0.986276
1.352722
-0.315704
-0.226442
1.671696
-1.119012
-0.832387
-0.547307
-0.338244
0.455463
-0.561500
0.246123
-1.130323
1.970721
-0.083790
0.576886
-0.977978
-1.816044
0.582734
1.614419
1.087964
0.498856
0.825262
-1.249248
1.050641
0.203114
-0.285047
0.733946
0.853641
0.085686
0.043226
0.278872
0.322461
-0.301125
0.873711
1.615901
0.054451
0.237348
-0.291110
1.129746
-0.054077
-1.365015
1.288436
-0.008648
-0.578329
1.777249
2.323320
-0.954656
-0.253211
0.872852
0.871274
-0.511196
-0.082439
-0.721935
-1.533914
-0.408098
0.600940
-0.941120
-0.587657
-0.201454
1.168860
0.542186
0.947643
0.944076
-0.404323
-0.338252
1.636250
0.276218
-2.633047
-1.113294
0.057901
-0.281392
0.928534
-1.399357
0.391109
1.124471
-0.026330
1.139946
0.720285
0.714617
-0.050304
-1.932777
-0.204956
-0.213899
-1.289478
0.495090
0.856387
-1.327664
-0.602206
-0.973144
-0.509024
-0.678311
2.013643
1.128719
0.157303
1.083758
0.856755
1.985483
-0.026468
0.734602
0.169770
0.377314
0.591540
0.198185
-1.361174
0.651942
-1.144876
0.666547
0.032563
1.106433
-0.398663
2.958908
-0.745062
0.160447
0.703377
0.470607
0.253161
-0.410331
-0.583268
0.028652
-0.549532
0.372835
-0.105081
0.078856
-0.486938
0.911849
1.333019
-1.536144
0.051677
-0.389457
0.311803
0.314802
-1.126781
0.770115
1.052779
-0.369622
-0.994216
-2.313536
-0.526081
-1.415634
2.044237
-0.483658
-0.558937
1.008430
0.534157
-1.069470
2.107165
1.305024
0.796644
0.015239
0.475280
-1.361935
-0.186987
-0.415139
0.865917
0.171584
1.262129
0.260147
0.054678
-0.253550
-1.124855
1.727587
-1.450365
0.243575
-0.668201
1.654620
-0.992082
-0.466206
1.002043
-0.887194
-0.424089
-1.093827
0.474967
0.079639
-0.436574
0.099748
1.630488
-1.371046
-0.995462
-1.871478
-1.326040
-0.413122
-0.241993
-0.186455
-0.445584
-1.248141
-0.653360
1.202078
0.359346
0.725132
-0.561570
-0.171954
-0.079823
0.192243
1.072837
0.208985
-0.466733
-1.469579
-0.745704
-0.895215
0.340422
-1.399809
0.124349
0.162483
-0.707150
0.091255
0.663324
-0.105281
0.909394
0.307682
-3.150206
-0.605469
0.109277
-0.011364
1.830307
0.907152
-2.282274
1.598098
-0.826374
-0.435638
-0.891902
-0.446019
1.129557
0.557495
-0.279948
-1.952845
2.492577
0.577609
-0.552091
0.810478
-0.315656
-2.012224
-1.530596
1.376573
-0.404012
-0.786728
-1.551702
-0.173101
1.247420
-0.033749
0.258770
0.519366
0.526021
0.915947
-0.763726
1.304522
-0.945910
0.271612
0.305711
0.464723
-0.963865
-1.323141
-0.240143
-2.234560
1.935722
0.770554
0.830524
0.537313
1.119270
-0.095111
0.817572
-1.486732
0.749577
-0.254568
-0.241622
0.677318
-0.841160
1.331364
-0.688448
-1.175681
0.625662
0.942929
2.050703
-0.589874
-0.195839
-1.629715
-0.363388
-0.024120
-1.908825
-1.098189
0.674269
-1.030824
0.698085
0.599984
0.723942
0.750507
-0.713678
-1.026156
0.646718
0.440602
-0.001529
0.556876
0.377106
-0.259530
1.171195
2.149139
-0.585140
-0.636400
1.178703
-0.586764
1.194005
-0.374190
1.409485
0.428538
-0.449832
-1.888126
1.164329
1.008816
-0.012412
-0.868432
-0.630869
1.583464
0.728714
-0.784301
-0.286270
0.693692
0.564228
-0.878720
0.656516
-0.165257
-1.158709
-0.170715
-0.453977
-0.581645
0.062258
-1.404876
-0.962785
-0.443074
0.937103
-0.591018
-0.621114
-0.183338
0.472726
1.063609
-1.468596
-0.462838
1.080294
0.010983
0.608990
0.992127
0.457772
0.061344
0.045543
-0.869963
-0.029710
0.524933
-0.542791
-0.480536
0.159018
0.278223
-1.511484
-1.983372
-0.895321
-1.038308
-0.601234
-0.933478
0.529419
-1.167950
-0.265700
-0.551148
0.574485
0.796681
0.195233
0.384470
0.076849
-0.443858
0.622775
-0.422202
-1.030751
-0.020833
0.396534
-0.174821
1.821586
-2.144375
0.867404
0.563984
-0.523989
-1.651888
-0.384854
-0.245232
-1.182433
-0.328482
0.619618
0.198068
-0.191746
0.069679
-0.082913
-0.225374
0.460679
0.025191
-0.477204
0.583941
-1.598906
0.372216
0.888000
0.636125
0.506279
0.636860
-2.636940
-0.989860
-0.692385
1.144384
0.021750
-1.602643
-1.716106
-0.435966
-0.898855
1.792227
-0.102568
-0.758481
-1.068233
-0.637843
0.823374
-0.514763
1.013047
-1.380607
0.316662
-1.255122
0.089419
-1.011954
-1.659960
0.402259
-0.598197
0.042194
0.944495
0.017174
0.142196
0.920815
-0.929084
-2.787483
-0.684556
-2.251238
0.060860
0.039396
0.825948
-0.357197
-1.756089
-1.191954
-0.081953
0.153813
0.802757
0.250302
0.406416
0.561790
0.910112
-0.701063
0.433039
0.291437
-1.259082
1.936840
-0.034437
0.321515
-0.972045
-1.076997
0.730022
0.630070
0.161236
-1.430727
1.314716
0.334851
2.680405
0.801365
-0.754451
0.763950
0.319137
0.789514
0.078537
-0.527002
-0.047772
0.577101
0.787425
-2.081640
0.443023
1.259621
-0.566204
-0.274755
-0.861463
2.045724
-0.005586
0.181067
-0.028811
0.709964
-1.098896
-1.392534
0.810512
-0.580109
-0.042147
0.983535
0.307766
0.864930
1.233637
-0.187261
-1.311873
-0.802372
1.308764
0.333660
1.373744
2.007450
0.582939
-1.124331
1.667050
0.463660
-0.554287
1.310720
-1.395333
-0.828663
0.024328
-0.888294
1.371691
-0.565201
0.997708
-0.762105
-0.600721
-0.821810
0.788715
-0.099246
-0.016093
-0.720370
0.342314
0.387994
0.861833
-1.256071
-1.075406
-1.022812
0.305157
-0.529949
-0.541229
0.797528
0.140203
0.222083
-0.967625
1.238108
0.197824
-1.441406
0.610753
1.526422
0.404929
2.373720
1.872427
-1.014858
0.322628
0.675543
0.069673
1.097172
0.287364
-0.864315
0.239471
0.582072
-0.090699
1.461230
0.012674
-0.744482
0.776356
0.119574
-1.203247
1.167568
-1.073478
-0.309275
0.764660
-0.402079
0.602188
-0.389628
-1.222975
0.022815
-0.104856
0.042443
-0.137291
0.335538
0.409658
-0.484725
1.426742
-0.675445
-0.509486
0.942834
-0.502157
-1.089508
-0.515207
0.714848
-0.293969
-0.651059
1.269641
0.960156
1.077491
0.215565
-1.414055
0.329026
0.028973
1.418709
0.377212
-1.849461
0.235493
-1.192932
1.488184
1.900208
-1.382712
0.712387
0.668889
0.008823
-1.047122
-0.345414
0.278807
0.921720
2.405209
0.321501
-2.177094
0.245379
0.856146
-0.375693
-0.750856
-0.671064
1.834441
-0.752223
-1.547462
-0.193525
-0.312864
-0.461929
1.017224
1.013520
-1.326169
-0.512844
0.189820
-0.437826
2.913341
-0.353285
-0.677109
-1.264887
-1.968976
2.562499
1.146450
1.036028
-0.852457
0.029566
0.222089
-0.701323
0.697493
0.595066
0.032833
-1.399234
-1.339331
0.073134
-0.314535
0.324555
0.119206
-1.898181
1.325165
-0.216986
