0.999742
0.947201
0.957477
0.739953
0.315638
0.168572
0.221668
0.943717
0.665564
0.182285
0.062918
0.637131
0.699267
0.288910
0.292141
0.431845
0.686947
0.045337
0.182411
0.365989
0.627836
0.478537
0.095214
0.419246
0.980437
0.140806
0.391104
0.046170
0.498894
0.042303
0.242070
0.599796
0.555968
0.685777
0.180567
0.685189
0.964459
0.900475
0.622874
0.804737
0.255905
0.258721
0.149267
0.389978
0.610204
0.677715
0.081383
0.777878
0.980801
0.342841
0.609936
0.735582
0.960870
0.000249
0.613825
0.529885
0.579960
0.023655
0.299333
0.941111
0.538244
0.076140
0.454907
0.117897
0.282530
0.254761
0.726362
0.500355
0.979647
0.680821
0.770454
0.670975
0.162923
0.109662
0.985243
0.680721
0.691621
0.072890
0.220960
0.191317
0.417702
0.190983
0.317824
0.933946
0.514749
0.645210
0.265210
0.669704
0.184347
0.637762
0.330694
0.771485
0.012259
0.736701
0.622777
0.036801
0.345082
0.531613
0.832362
0.996929
0.846860
0.508978
0.481527
0.335849
0.825241
0.710495
0.045673
0.439331
0.277197
0.496480
0.906907
0.815551
0.053986
0.281162
0.564503
0.309219
0.605286
0.665277
0.071144
0.684895
0.936435
0.887824
0.767355
0.217543
0.802311
0.996553
0.395784
0.833380
0.664399
0.503955
0.457539
0.656302
0.121214
0.368347
0.710332
0.081254
0.904100
0.348974
0.752316
0.673474
0.832381
0.950174
0.860608
0.963977
0.860788
0.059150
0.345607
0.892976
0.968999
0.327829
0.099282
0.871416
0.200816
0.555743
0.363104
0.767636
0.886989
0.502844
0.019904
0.232835
0.891844
0.226978
0.089807
0.329735
0.877482
0.396184
0.108918
0.826200
0.073450
0.700548
0.006925
0.735085
0.738900
0.415017
0.517878
0.437341
0.550821
0.870478
0.218261
0.158291
0.878978
0.318018
0.738490
0.637103
0.644289
0.984651
0.144434
0.184123
0.838197
0.270395
0.894233
0.647951
0.293732
0.067027
0.334927
0.538738
0.328736
0.393000
0.527056
0.583077
0.561551
0.528628
0.553998
0.948750
0.851024
0.796045
0.038256
0.671684
0.633360
0.708326
0.748581
0.398490
0.652359
0.352035
0.027003
0.619931
0.922332
0.260290
0.026789
0.704025
0.629156
0.463709
0.808683
0.874235
0.126518
0.207769
0.513594
0.998975
0.314483
0.429917
0.630743
0.908052
0.683796
0.413726
0.703097
0.751582
0.616748
0.235174
0.191336
0.140106
0.092641
0.081622
0.880031
0.547905
0.563942
0.040854
0.806716
0.494664
0.039252
0.135373
0.100281
0.333682
0.615500
0.570971
0.278602
0.162859
0.580094
0.636373
0.309276
0.574857
0.986883
0.759559
0.784629
0.482337
0.970542
0.979332
0.194248
0.721786
0.131688
0.863635
0.472451
0.071579
0.741721
0.053468
0.093082
0.100048
0.963097
0.510072
0.082365
0.749306
0.959518
0.084794
0.818885
0.636586
0.353426
0.276353
0.167355
0.897255
0.509589
0.976504
0.242065
0.064291
0.460278
0.292433
0.175579
0.542522
0.186750
0.721294
0.977345
0.791619
0.384631
0.440973
0.183477
0.610612
0.269490
0.086008
0.828290
0.851812
0.649623
0.920364
0.350939
0.973153
0.113589
0.296904
0.462041
0.113029
0.740223
0.179282
0.738564
0.824451
0.441907
0.417684
0.903579
0.905033
0.543633
0.747786
0.594890
0.062575
0.109154
0.997628
0.433303
0.446588
0.351042
0.852138
0.478886
0.336264
0.199455
0.212667
0.448259
0.878129
0.345686
0.779725
0.605544
0.170103
0.976592
0.323325
0.051569
0.018223
0.006991
0.897269
0.779222
0.027397
0.218388
0.067011
0.576877
0.129328
0.974151
0.186101
0.138462
0.596074
0.354405
0.933330
0.317280
0.395069
0.534390
0.573947
0.342198
0.982818
0.682736
0.097887
0.718204
0.095620
0.715656
0.442391
0.673215
0.983424
0.486145
0.857601
0.468334
0.191930
0.499922
0.361668
0.502341
0.782261
0.056213
0.069419
0.168762
0.843629
0.020170
0.715888
0.376163
0.695779
0.273817
0.677940
0.580892
0.419126
0.885671
0.015106
0.984325
0.064987
0.457162
0.399973
0.629617
0.063740
0.942545
0.550580
0.520240
0.823982
0.352567
0.248581
0.934494
0.865085
0.199921
0.952924
0.721237
0.644234
0.735454
0.499707
0.333375
0.229208
0.781721
0.366015
0.069293
0.632843
0.149051
0.672564
0.538885
0.092732
0.455408
0.337133
0.269229
0.369083
0.635494
0.237508
0.014023
0.121861
0.715841
0.594094
0.803306
0.219196
0.491172
0.304486
0.299235
0.741111
0.715021
0.923817
0.816453
0.930078
0.215270
0.662075
0.024652
0.941713
0.812828
0.500233
0.593830
0.842950
0.006370
0.768775
0.558424
0.238257
0.444009
0.556452
0.951212
0.417280
0.808361
0.160485
0.988924
0.776108
0.781018
0.269711
0.986131
0.677059
0.345287
0.005734
0.823615
0.698582
0.582835
0.467413
0.809058
0.125125
0.520793
0.924269
0.127723
0.706216
0.650969
0.248003
0.017028
0.729086
0.372200
0.716438
0.641215
0.365909
0.821936
0.130382
0.443276
0.059553
0.578102
0.937844
0.767390
0.261099
0.738627
0.768921
0.174135
0.877188
0.694108
0.601668
0.385201
0.874457
0.690450
0.547855
0.431090
0.401643
0.829549
0.403276
0.753537
0.387742
0.432637
0.170367
0.015250
0.128900
0.539861
0.213369
0.786881
0.167190
0.258806
0.039309
0.519828
0.260215
0.492451
0.360342
0.702613
0.927826
0.454173
0.921678
0.210008
0.932549
0.644431
0.474286
0.973986
0.454692
0.335411
0.532618
0.771857
0.294492
0.567936
0.448318
0.345653
0.136861
0.015739
0.392022
0.002931
0.617165
0.533429
0.172408
0.910379
0.190221
0.772088
0.420497
0.886171
0.705718
0.681719
0.769251
0.163850
0.187928
0.867947
0.785137
0.417784
0.563265
0.218962
0.566233
0.891005
0.145392
0.062550
0.143735
0.581430
0.683674
0.045555
0.436578
0.669447
0.591397
0.770492
0.660583
0.778086
0.932542
0.826804
0.325468
0.857082
0.826788
0.803352
0.716452
0.992083
0.553469
0.154950
0.846071
0.598603
0.754326
0.636307
0.887535
0.686288
0.282437
0.709688
0.240374
0.261714
0.560437
0.903320
0.661823
0.909516
0.808380
0.972094
0.088948
0.233486
0.053412
0.943998
0.137809
0.085819
0.153745
0.736852
0.249355
0.295153
0.127403
0.652345
0.011875
0.261584
0.780361
0.406104
0.390133
0.484219
0.142266
0.027152
0.809783
0.945263
0.128846
0.566629
0.847973
0.389349
0.547645
0.792211
0.456683
0.319836
0.249359
0.263888
0.526948
0.476835
0.509817
0.458899
0.667489
0.786450
0.959254
0.263792
0.062550
0.247533
0.317419
0.604295
0.896318
0.940904
0.107860
0.350557
0.006988
0.787416
0.295029
0.163944
0.085458
0.601879
0.056393
0.420077
0.219006
0.086907
0.799508
0.065339
0.772728
0.850071
0.285469
0.438717
0.058304
0.817590
0.983513
0.328396
0.721816
0.097315
0.233190
0.054772
0.665609
0.992630
0.037712
0.061326
0.731379
0.387505
0.059568
0.630369
0.227947
0.324401
0.558043
0.983007
0.122658
0.762432
0.775812
0.557668
0.192703
0.484464
0.672065
0.647698
0.106335
0.330959
0.956568
0.853417
0.583667
0.951318
0.470831
0.535364
0.893737
0.610074
0.537018
0.027678
0.945176
0.255828
0.866591
0.292303
0.367726
0.005470
0.024569
0.838766
0.731401
0.744139
0.781782
0.026223
0.322984
0.420094
0.531637
0.646980
0.741401
0.914923
0.652190
0.950365
0.808846
0.407318
0.741954
0.882195
0.914521
0.260854
0.398849
0.056318
0.903653
0.249551
0.087560
0.251360
0.500311
0.865097
0.397821
0.433280
0.035893
0.466139
0.042490
0.484651
0.318181
0.328321
0.482838
0.282927
0.410143
0.198287
0.943598
0.164282
0.278562
0.609039
0.905005
0.541992
0.062606
0.852757
0.756870
0.129578
0.189763
0.533498
0.105348
0.540826
0.473489
0.129537
0.616050
0.954548
0.701524
0.312461
0.030484
0.949334
0.200035
0.232545
0.968062
0.588234
0.511381
0.463987
0.492955
0.672505
0.762267
0.284696
0.921599
0.724557
0.673963
0.844180
0.795696
0.321602
0.698461
0.429553
0.963379
0.399431
0.685481
0.421754
0.636848
0.876369
0.896912
0.143286
0.668161
0.593148
0.194988
0.644378
0.594776
0.182371
0.681880
0.598991
0.608126
0.685896
0.845433
0.994052
0.865018
0.491808
0.697745
0.308292
0.442675
0.669747
0.300645
0.871345
0.049067
0.814267
0.639064
0.120682
0.826067
0.085530
0.416224
0.306838
0.082522
0.372651
0.810768
0.763608
0.003629
0.184820
0.319379
0.949794
0.578193
0.236634
0.557917
0.255253
0.993613
0.127343
0.994055
0.779410
0.057976
0.770113
0.088207
0.369237
0.530735
0.276201
0.883666
0.848298
0.968221
0.685881
0.717198
0.015790
0.493824
0.389645
0.306982
0.245908
0.118996
0.227834
0.838987
0.486482
0.658409
0.316251
0.963335
0.353630
0.557039
0.727602
0.538124
0.727320
0.019919
0.230512
0.814782
0.123750
0.640398
0.797551
0.510149
0.477381
0.412527
0.046769
0.941926
0.141148
0.101973
0.121243
0.533261
0.747631
0.380533
0.428551
0.870824
0.977899
0.381510
0.938609
0.963280
0.893815
0.760359
0.804614
0.698790
0.812775
0.943502
0.071927
0.772230
0.874305
0.552145
0.795007
0.144439
0.564814
0.084976
0.621744
0.371369
0.675633
0.333068
0.903715
0.563629
0.859743
0.269130
0.034515
0.401908
0.777720
0.204938
0.920140
0.048861
0.630310
0.698849
0.290222
0.767541
0.357508
0.565453
0.236709
0.856043
0.085896
0.961792
0.335844
0.205425
0.973841
0.671381
0.399532
0.261652
0.709762
0.250175
0.836564
0.419188
0.969554
0.162459
0.205876
0.265334
0.246948
0.870282
0.948225
0.972025
0.219468
0.903228
0.283669
0.697637
0.595978
0.992081
0.341233
0.984119
0.109652
0.409962
0.187783
0.792616
0.433025
0.136807
0.519857
0.145255
0.039523
0.555415
0.439089
0.020271
0.355007
0.919031
0.020254
0.109954
0.240684
0.618486
0.636751
0.908354
0.752861
0.431046
0.486413
0.709477
0.101540
0.567437
0.490045
0.400489
0.121652
0.977515
0.828802
0.184327
0.531010
0.020666
0.427707
0.505429
0.465069
0.994567
0.513906
0.810397
0.092995
0.528754
0.928630
0.394565
0.576881
0.843999
0.214991
0.446718
0.361106
0.286044
0.499890
0.214661
0.285696
0.981896
0.617053
0.774970
0.888298
0.046166
0.455484
0.667953
0.377405
0.591540
0.322223
0.391943
0.559000
0.868720
0.920489
0.218804
0.169070
0.546276
0.605941
0.717184
0.339388
0.389475
0.766381
0.776459
0.968538
0.711697
0.987681
0.401037
0.991213
0.104499
0.518605
0.248475
0.573224
0.739892
0.002307
0.188105
0.603400
0.590157
0.475014
0.405378
0.191520
0.292791
0.368573
0.776440
0.937419
0.923329
0.357329
0.081458
0.910934
0.944334
0.129933
0.342665
0.388682
0.635666
0.931526
0.557270
0.055836
0.510902
0.921662
0.355375
0.983588
0.416970
0.329099
0.582648
0.044832
0.212697
0.352391
0.274247
0.482480
0.998565
0.596187
0.125404
0.217406
0.825361
0.388794
0.866501
0.241045
0.116708
0.995071
0.085318
0.868732
0.159861
0.277637
0.552474
0.797978
0.552535
0.155014
0.818703
0.178884
0.904335
0.345889
0.496616
0.847029
0.800271
0.975996
0.424162
0.342830
0.961618
0.804915
0.789826
0.888377
0.139544
0.817024
0.569944
0.655929
0.486270
0.234173
0.429283
0.532685
0.965165
0.338035
0.789232
0.840499
0.591708
0.852304
0.269705
0.169706
0.698775
0.187238
0.307340
0.076321
0.580005
0.550068
0.089686
0.154618
0.271277
0.743297
0.295268
0.461704
0.448749
0.676367
0.076685
0.628833
0.650401
0.743786
0.032202
0.255447
0.279942
0.071608
0.299378
0.684338
0.933227
0.638310
0.615862
0.786137
0.794026
0.078065
0.960120
0.087603
0.031088
0.374837
0.109574
0.357216
0.897245
0.376296
0.668445
0.779050
0.532464
0.639521
0.105447
0.116628
0.482139
0.462284
0.207425
0.703678
0.373011
0.101661
0.677956
0.634054
0.302625
0.918610
0.091642
0.263742
0.599803
0.227871
0.678929
0.119671
0.110765
0.062187
0.392629
0.556551
0.250355
0.540387
0.892072
0.478505
0.153127
0.552912
0.030754
0.192798
0.085024
0.590881
0.248936
0.027560
0.993067
0.699325
0.522520
0.954057
0.698168
0.715847
0.413533
0.655399
0.829166
0.241376
0.173409
0.836013
0.486226
0.867238
0.917881
0.767743
0.950425
0.160353
0.874866
0.081156
0.075405
0.990498
0.783780
0.044327
0.861068
0.179485
0.393673
0.502080
0.200107
0.539763
0.470792
0.456071
0.505519
0.498769
0.840171
0.980905
0.438026
0.569464
0.232982
0.617757
0.694648
0.445648
0.517810
0.471104
0.838217
0.593248
0.394777
0.456718
0.096887
0.363448
0.967903
0.508347
0.533784
0.763344
0.231869
0.152457
0.161629
0.626219
0.109176
0.359321
0.117158
0.576633
0.865953
0.677309
0.421715
0.377365
0.638749
0.291613
0.093169
0.428035
0.965982
0.564123
0.527659
0.443330
0.045346
0.356405
0.095998
0.644059
0.944530
0.998128
0.928196
0.729516
0.490792
0.589810
0.375684
0.908541
0.683862
0.780728
0.052152
0.693827
0.178941
0.931107
0.794850
0.114259
0.309085
0.742714
0.783633
0.127088
0.936283
0.557326
0.382628
0.955837
0.644147
0.172052
0.380807
0.244296
0.135742
0.476919
0.602716
0.563517
0.939117
0.867656
0.922304
0.828465
0.474431
0.438113
0.437992
0.936208
0.869591
0.620481
0.919693
0.575531
0.652122
0.549173
0.420988
0.142949
0.655566
0.021701
0.134257
0.704401
0.502657
0.793983
0.479776
0.099131
0.917827
0.529540
0.860007
0.348224
0.680527
0.738571
0.074280
0.190255
0.864575
0.241655
0.683162
0.586000
0.209304
0.197918
0.236120
0.954619
0.322858
0.141102
0.224941
0.735366
0.964407
0.793583
0.686023
0.807082
0.071957
0.197659
0.027469
0.163885
0.790460
0.860458
0.213770
0.950239
0.879078
0.055676
0.432367
0.667215
0.396261
0.443933
0.554384
0.030700
0.080768
0.448140
0.041098
0.635183
0.212483
0.967060
0.512144
0.056973
0.987656
0.233224
0.868773
0.755430
0.385822
0.603368
0.335499
0.997352
0.366210
0.209674
0.072037
0.643569
0.442433
0.284246
0.390176
0.202527
0.829771
0.753974
0.789151
0.083769
0.201617
0.499800
0.260984
0.651391
0.230040
0.732533
0.998377
0.750679
0.586050
0.371644
0.624479
0.008258
0.634841
0.096238
0.282563
0.055523
0.325779
0.223177
0.012748
0.524108
0.415578
0.353048
0.651397
0.552545
0.675190
0.013190
0.016852
0.803635
0.056182
0.527104
0.512377
0.055633
0.058510
0.358371
0.530637
0.381158
0.425643
0.064985
0.665128
0.558576
0.301595
0.098657
0.231355
0.830748
0.676632
0.273300
0.762169
0.246958
0.251660
0.931115
0.669279
0.603048
0.346210
0.751978
0.567417
0.570711
0.212179
0.951046
0.627147
0.037412
0.867912
0.172584
0.620269
0.611435
0.307026
0.675567
0.304757
0.834661
0.434195
0.299164
0.696938
0.484378
0.871492
0.601896
0.727547
0.482071
0.023555
0.386254
0.533101
0.887144
0.881847
0.117321
0.727293
0.725680
0.148630
0.231857
0.580857
0.385725
0.291901
0.727406
0.364615
0.612327
0.446981
0.589733
0.878561
0.567340
0.625174
0.513928
0.966919
0.550327
0.541378
0.501698
0.877896
0.672284
0.473356
0.744817
0.367641
0.720456
0.229244
0.391394
0.746118
0.606270
0.962012
0.164960
0.391730
0.216508
0.992236
0.967574
0.453916
0.759347
0.589923
0.407812
0.802538
0.497605
0.412541
0.712892
0.850658
0.135366
0.553940
0.655662
0.379299
0.284812
0.461787
0.327705
0.462890
0.692277
0.263018
0.094331
0.245235
0.304963
0.953559
0.933307
0.820415
0.218224
0.740233
0.044942
0.694470
0.932228
0.973297
0.389628
0.821626
0.004417
0.432258
0.221996
0.174991
0.709757
0.275524
0.441050
0.210619
0.589442
0.648193
0.084233
0.795905
0.141066
0.541300
0.805782
0.073688
0.574260
0.074126
0.779513
0.815957
0.066154
0.322746
0.287168
0.533578
0.749818
0.668073
0.853066
0.919184
0.483052
0.791996
0.582448
0.473543
0.032481
0.789034
0.308659
0.865247
0.277731
0.239299
0.160308
0.464664
0.437486
0.053068
0.481533
0.594863
0.723632
0.568980
0.052585
0.966728
0.290558
0.573955
0.701344
0.429244
0.740579
0.510579
0.651588
0.134038
0.569279
0.368479
0.410164
0.799604
0.511015
0.814628
0.315307
0.766537
0.303481
0.872144
0.370627
0.423976
0.892573
0.402515
0.918936
0.004145
0.040174
0.996079
0.304454
0.233684
0.621344
0.370840
0.168358
0.348298
0.479060
0.802686
0.089071
0.016636
0.882281
0.467007
0.316877
0.088171
0.123294
0.564399
0.573676
0.041008
0.441165
0.386711
0.270044
0.894653
0.948174
0.260387
0.592502
0.013445
0.191365
0.180344
0.167148
0.158489
0.460716
0.368024
0.750520
0.745424
0.510080
0.264143
0.625908
0.848469
0.742996
0.971090
0.877724
0.747313
0.206819
0.455129
0.834229
0.047732
0.219248
0.956100
0.956690
0.445831
0.981588
0.111061
0.822273
0.514877
0.819623
0.368743
0.340504
0.880951
0.829045
0.331552
0.923389
0.736140
0.354183
0.622820
0.449293
0.475277
0.120201
0.616364
0.732190
0.109082
0.307555
0.271114
0.457892
0.911327
0.306663
0.164703
0.219445
0.985894
0.412500
0.609827
0.093861
0.182901
0.467045
0.721837
0.432872
0.567823
0.010098
0.494859
0.192494
0.322948
0.290505
0.641102
0.839796
0.665685
0.592064
0.234018
0.944844
0.399436
0.264674
0.180503
0.430613
0.940137
0.128854
0.851322
0.741094
0.423720
0.115904
0.608602
0.854552
0.647590
0.461331
0.655507
0.431695
0.898865
0.256039
0.966659
0.136468
0.771908
0.253905
0.790817
0.522004
0.947832
0.307906
0.626623
0.965612
0.417396
0.136080
0.452874
0.576958
0.623478
0.537177
0.625676
0.328674
0.784246
0.758547
0.564807
0.927073
0.023834
0.644962
0.784344
0.673077
0.718659
0.178464
0.026872
0.506810
0.318485
0.962452
0.610487
0.083632
0.569284
0.770403
0.999525
0.640296
0.048738
0.588460
0.567789
0.966568
0.372172
0.690504
0.007572
0.895318
0.113808
0.511684
0.687831
0.751792
0.273007
0.483115
0.869561
0.413230
0.615825
0.378824
0.206732
0.901809
0.725300
0.760006
0.561023
0.082379
0.303508
0.961718
0.884211
0.606684
0.108190
0.981577
0.056164
0.979147
0.683722
0.733065
0.116021
0.799782
0.598425
0.990287
0.370614
0.571032
0.574569
0.831498
0.485276
0.321605
0.162769
0.726902
0.940546
0.613445
0.418002
0.498138
0.678621
0.953510
0.928461
0.625966
0.197649
0.482674
0.212111
0.075777
0.880509
0.987383
0.976331
0.274838
0.577306
0.114610
0.713081
0.040864
0.500698
0.559916
0.690161
0.305239
0.669438
0.216601
0.932987
0.027785
0.684700
0.136879
0.051072
0.943482
0.247961
0.886715
0.270356
0.961021
0.880319
0.142428
0.763535
0.186385
0.939270
0.899418
0.926405
0.439038
0.155934
0.820046
0.482822
0.341710
0.847630
0.176745
0.742536
0.188619
0.860537
0.981328
0.967333
0.127467
0.690464
0.090023
0.647862
0.518902
0.173864
0.806827
0.926806
0.357599
0.176963
0.219931
0.637906
0.297335
0.491451
0.850058
0.692826
0.585863
0.790872
0.567160
0.027963
0.304044
0.645516
0.157250
0.913332
0.319649
0.723385
0.316809
0.367434
0.071604
0.512473
0.682244
0.509043
0.285823
0.273813
0.348392
0.656927
0.631031
0.940292
0.293232
0.661692
0.425185
0.724613
0.936798
0.306640
0.647191
0.919712
0.454318
0.070991
0.998604
0.484734
0.032281
0.469108
0.469826
0.534813
0.409671
0.328965
0.267516
0.783509
0.677733
0.237346
0.557512
0.172158
0.214170
0.463886
0.966703
0.780316
0.565796
0.134983
0.449169
0.314906
0.410532
0.634694
0.135140
0.683059
0.441708
0.437241
0.841400
0.374820
0.520693
0.647532
0.946331
0.021098
0.473640
0.604556
0.464249
0.160565
0.265929
0.353525
0.300390
0.595464
0.690243
0.795965
0.263215
0.878484
0.600728
0.265052
0.138611
0.658387
0.473642
0.814435
0.519844
0.392870
0.705414
0.646273
0.362727
0.286217
0.184071
0.989506
0.158454
0.701400
0.118713
0.104464
0.165587
0.505774
0.943839
0.360378
0.738395
0.904731
0.672657
0.544987
0.984539
0.151679
0.857217
0.699321
0.099860
0.351259
0.316983
0.111747
0.316359
0.130082
0.663068
0.166966
0.091672
0.980555
0.089895
0.753468
0.665407
0.988527
0.084388
0.876042
0.315327
0.517984
0.972137
0.432801
0.442589
0.342965
0.229585
0.156642
0.260692
0.405150
0.218210
0.000412
0.229913
0.594209
0.838131
0.129393
0.567290
0.270042
0.703208
0.736597
0.442153
0.223402
0.383063
0.481653
0.873050
0.921747
0.290044
0.603972
0.944817
0.387250
0.618607
0.174209
0.378825
0.236267
0.427757
0.014004
0.532179
0.742665
0.866615
0.902718
0.300759
0.392406
0.109133
0.664355
0.032259
0.012376
0.368371
0.228877
0.650885
0.971490
0.792656
0.795240
0.778735
0.558833
0.051994
0.922052
0.829851
0.695662
0.726927
0.947019
0.383898
0.992018
0.113518
0.556576
0.086425
0.360898
0.757190
0.457272
0.430624
0.881292
0.512771
0.350133
0.107220
0.297963
0.842049
0.189380
0.381317
0.370307
0.365810
0.170588
0.412091
0.674882
0.896478
0.371564
0.660536
0.113556
0.859144
0.766721
0.084067
0.062085
0.888723
0.510586
0.092027
0.014527
0.254896
0.425551
0.307611
0.572086
0.173890
0.627398
0.688683
0.541071
0.096491
0.625128
0.870641
0.099198
0.966656
0.195052
0.639975
0.587926
0.282134
0.256123
0.860906
0.673926
0.058878
0.821295
0.813038
0.488122
0.699045
0.063917
0.775172
0.188061
0.528373
0.635596
0.014171
0.195307
0.288865
0.732569
0.743429
0.756548
0.088135
0.067257
0.704659
0.874865
0.572477
0.753589
0.373493
0.558489
0.100151
0.239683
0.497203
0.129936
0.580385
0.042359
0.833310
0.374947
0.639758
0.698770
0.435391
0.381566
0.035803
0.698831
0.064019
0.827037
0.823757
0.209631
0.184318
0.348669
0.664785
0.567988
0.503359
0.333625
0.481606
0.716907
0.728880
0.160682
0.445588
0.630339
0.535272
0.432993
0.257813
0.961583
0.452963
0.371327
0.215275
0.882372
0.872120
0.834739
0.785992
0.392698
0.904974
0.500031
0.443599
0.228968
0.346277
0.584383
0.417164
0.124299
0.363781
0.365643
0.015131
0.995657
0.347827
0.043912
0.512107
0.603477
0.944910
0.243396
0.400434
0.852733
0.355723
0.454634
0.068156
0.967577
0.136310
0.366650
0.866964
0.952332
0.554342
0.440354
0.035056
0.655340
0.715527
0.769842
0.558159
0.739656
0.380676
0.650361
0.991070
0.611821
0.728106
0.038513
0.318365
0.560283
0.243183
0.420291
0.974438
0.678549
0.025193
0.783753
0.983892
0.416778
0.324648
0.306927
0.630070
0.356527
0.513435
0.380125
0.602381
0.439659
0.065331
0.520099
0.802178
0.451892
0.006035
0.675268
0.793800
0.234695
0.389996
0.540103
0.723572
0.098112
0.102797
0.441366
0.733343
0.539257
0.447929
0.481469
0.907190
0.466244
0.954859
0.380824
0.571454
0.900546
0.271297
0.279834
0.304230
0.471612
0.968867
0.872244
0.549475
0.141390
0.803235
0.796291
0.558561
0.390501
0.694523
0.015984
0.185810
0.069978
0.373892
0.340646
0.518220
0.517505
0.346849
0.475509
0.775415
0.551051
0.216866
0.228835
0.106825
0.555651
0.283997
0.133743
0.130070
0.430338
0.201109
0.516652
0.586943
0.046498
0.561728
0.626869
0.382931
0.329268
0.731725
0.404131
0.389828
0.948740
0.900650
0.505165
0.003688
0.332164
0.016521
0.525927
0.144810
0.929633
0.486539
0.397255
0.563431
0.694486
0.025273
0.716583
0.341022
0.909525
0.683661
0.960534
0.540960
0.620785
0.937680
0.417974
0.692736
0.561623
0.705828
0.223336
0.786818
0.294763
0.950338
0.649158
0.470587
0.921571
0.138105
0.162187
0.625639
0.306967
0.083576
0.935773
0.467497
0.671553
0.129413
0.870699
0.538762
0.190699
0.077897
0.170150
0.114982
0.196005
0.378681
0.603419
0.876780
0.491758
0.216992
0.017912
0.164158
0.243888
0.967127
0.348221
0.232278
0.503518
0.474154
0.863340
0.205515
0.286572
0.319145
0.607011
0.363457
0.207026
0.646904
0.626322
0.735897
0.846208
0.492064
0.876979
0.545697
0.070821
0.087477
0.196029
0.150489
0.948811
0.593375
0.122279
0.105586
0.975936
0.347027
0.423905
0.526242
0.644519
0.471148
0.867207
0.845367
0.634681
0.655071
0.614215
0.664169
0.239382
0.602065
0.312895
0.730810
0.530995
0.652015
0.880406
0.630882
0.118870
0.273891
0.640532
0.924913
0.161246
0.264860
0.874231
0.779629
0.445676
0.752575
0.373962
0.764165
0.314032
0.307881
0.770833
0.739934
0.920021
0.630629
0.356563
0.966431
0.107653
0.100632
0.659321
0.417398
0.389744
0.121021
0.847041
0.677786
0.620665
0.669319
0.464571
0.122584
0.684350
0.574786
0.522409
0.896387
0.870439
0.772423
0.720027
0.041547
0.205122
0.373941
0.229671
0.347557
0.112386
0.952835
0.065151
0.193659
0.603182
0.250063
0.217845
0.637204
0.756312
0.269881
0.753880
0.012601
0.587741
0.928126
0.158683
0.763798
0.702273
0.670409
0.331839
0.665677
0.985697
0.779789
0.812483
0.195549
0.438532
0.803292
0.395841
0.417847
0.963955
0.806131
0.964820
0.225199
0.726498
0.450861
0.664532
0.580350
0.936605
0.163289
0.583862
0.871726
0.169674
0.600072
0.478658
0.181643
0.930340
0.380852
0.110180
0.254715
0.933819
0.288917
0.253771
0.397844
0.807483
0.895606
0.644991
0.936043
0.863820
0.681815
0.850752
0.973289
0.832345
0.048123
0.875032
0.154245
0.821151
0.765707
0.023961
0.362571
0.591824
0.331631
0.902889
0.292396
0.274277
0.872718
0.661384
0.398766
0.500448
0.312415
0.511979
0.776213
0.138787
0.304553
0.439629
0.338512
0.411993
0.315002
0.650871
0.167727
0.710904
0.972404
0.961616
0.143426
0.739590
0.460772
0.486125
0.175334
0.777879
0.490526
0.558005
0.097854
0.932863
0.934823
0.945655
0.531786
0.920057
0.832736
0.132756
0.355428
0.620983
0.497668
0.490759
0.859830
0.326145
0.682612
0.672791
0.213343
0.497087
0.909803
0.630452
0.015066
0.873625
0.686163
0.711937
0.142275
0.354129
0.143178
0.574513
0.949714
0.003161
0.753127
0.810606
0.919652
0.495022
0.152728
0.797096
0.133262
0.511229
0.650806
0.277469
0.588257
0.713779
0.024604
0.296885
0.665810
0.697697
0.515177
0.487845
0.404321
0.727316
0.824738
0.472761
0.884405
0.201038
0.291801
0.121652
0.885801
0.819501
0.418392
0.879973
0.629197
0.038817
0.180482
0.872222
0.015656
0.507958
0.453627
0.544807
0.173156
0.070036
0.311808
0.584058
0.543603
0.634717
0.899632
0.524387
0.767764
0.717121
0.241259
0.062947
0.009293
0.598684
0.576439
0.471194
0.837605
0.761029
0.299878
0.716007
0.130787
0.980411
0.181112
0.864543
0.515708
0.330263
0.080012
0.299150
0.331231
0.866570
0.909680
0.228862
0.916123
0.019599
0.902341
0.213935
0.750416
0.425326
0.497622
0.174785
0.005109
0.478944
0.448717
0.398184
0.607994
0.876505
0.399526
0.604641
0.789877
0.304579
0.284345
0.698346
0.032558
0.811818
0.995578
0.206530
0.134034
0.874262
0.378443
0.034811
0.429298
0.566032
0.932692
0.797759
0.741684
0.337666
0.499500
0.823787
0.451244
0.633942
0.401463
0.566940
0.995981
0.709706
0.689359
0.650925
0.619636
0.802659
0.218765
0.675097
0.456020
0.240746
0.778090
0.490489
0.151025
0.258612
0.052251
0.490698
0.654205
0.816925
0.519157
0.411081
0.959660
0.769564
0.558290
0.778810
0.606913
0.445572
0.451534
0.412090
0.885035
0.012138
0.711658
0.917159
0.318773
0.584732
0.590902
0.079399
0.839513
0.630230
0.162903
0.240741
0.845229
0.005140
0.805829
0.058085
0.140492
0.638891
0.974792
0.231044
0.198778
0.854436
0.858797
0.186405
0.158819
0.684356
0.957705
0.829787
0.350279
0.563756
0.922847
0.433814
0.472675
0.638236
0.553584
0.517093
0.963525
0.889592
0.931368
0.267352
0.030911
0.894258
0.668640
0.223902
0.985666
0.520371
0.970147
0.541656
0.596374
0.370821
0.391370
0.102833
0.187790
0.472448
0.043112
0.986223
0.210882
0.868358
0.993576
0.227767
0.854035
0.313242
0.395439
0.756791
0.227008
0.643018
0.878099
0.330143
0.195624
0.533641
0.429183
0.914796
0.510149
0.579230
0.838047
0.395848
0.477820
0.518180
0.863245
0.889864
0.068853
0.865628
0.501378
0.715355
0.021423
0.660690
0.176343
0.698841
0.166642
0.483757
0.654778
0.781262
0.353920
0.544375
0.043483
0.528414
0.550012
0.535792
0.548675
0.263292
0.589158
0.728163
0.478294
0.882723
0.339769
0.567612
0.225157
0.177803
0.359404
0.532354
0.102329
0.480086
0.923370
0.803191
0.974610
0.609426
0.610827
0.778690
0.175665
0.043098
0.391186
0.150828
0.111043
0.758269
0.250003
0.696863
0.930555
0.397737
0.296894
0.196056
0.861406
0.386749
0.953319
0.209418
0.691221
0.849932
0.640220
0.261286
0.621375
0.519853
0.933999
0.467235
0.529102
0.247042
0.700540
0.451888
0.660830
0.478533
0.866540
0.421996
0.916493
0.964067
0.704588
0.974777
0.828765
0.317040
0.943201
0.649897
0.253587
0.586176
0.416276
0.891492
0.254485
0.106385
0.037207
0.528987
0.430169
0.861329
0.029443
0.864454
0.066630
0.653221
0.717560
0.447626
0.122158
0.930722
0.750874
0.541628
0.283125
0.542241
0.538785
0.884084
0.269026
0.621494
0.882251
0.197939
0.723989
0.230129
0.750899
0.149830
0.635683
0.384294
0.655857
0.943826
0.308997
0.741721
0.750805
0.996025
0.799205
0.650695
0.281508
0.268325
0.721065
0.901682
0.446125
0.258084
0.360645
0.767327
0.576444
0.215154
0.431391
0.389335
0.401543
0.584180
0.880159
0.642457
0.788674
0.054748
0.272609
0.548391
0.336066
0.843675
0.014959
0.012508
0.509962
0.879063
0.103915
0.240971
0.439038
0.916723
0.800926
0.582499
0.953271
0.827658
0.879833
0.906339
0.602528
0.562406
0.720997
0.467578
0.653506
0.140747
0.432901
0.409179
0.916512
0.931815
0.221385
0.381980
0.747804
0.164397
0.337939
0.478228
0.511231
0.009724
0.014170
0.022871
0.069666
0.885293
0.467247
0.004939
0.263607
0.606342
0.525001
0.860795
0.985483
0.121113
0.970950
0.458236
0.278442
0.995553
0.586243
0.809574
0.947481
0.410248
0.931698
0.584973
0.605826
0.895268
0.091209
0.900587
0.025899
0.488619
0.316396
0.826323
0.007906
0.121336
0.581302
0.327441
0.290633
0.933930
0.742640
0.722684
0.834158
0.173256
0.252062
0.711814
0.967332
0.579807
0.266904
0.162046
0.692044
0.292213
0.000563
0.576066
0.851233
0.266744
0.203925
0.145496
0.795911
0.189342
0.075993
0.275261
0.590157
0.860318
0.821827
0.479918
0.189559
0.319542
0.963102
0.047266
0.765819
0.924186
0.844226
0.270228
0.182960
0.331310
0.431451
0.711287
0.836387
0.328654
0.095170
0.544346
0.134704
0.933440
0.366033
0.135944
0.763938
0.314911
0.132127
0.742245
0.955142
0.863368
0.293530
0.835150
0.514991
0.769210
0.818858
0.027478
0.844838
0.326266
0.552349
0.790275
0.256451
0.695120
0.306908
0.669281
0.276784
0.319211
0.088412
0.968057
0.828826
0.284652
0.728704
0.185255
0.874263
0.606186
0.443486
0.349120
0.730532
0.811478
0.393025
0.890285
0.491903
0.429943
0.759577
0.669177
0.870963
0.108990
0.923451
0.900981
0.660273
0.094438
0.789834
0.055313
0.314582
0.537231
0.586355
0.547905
0.994805
0.148757
0.534985
0.402467
0.074163
0.641461
0.836303
0.334628
0.580009
0.170870
0.915318
0.228606
0.083742
0.798297
0.105121
0.375976
0.333827
0.176889
0.057267
0.234145
0.625176
0.355324
0.309703
0.954294
0.137359
0.430763
0.789136
0.150165
0.154093
0.512064
0.861283
0.863424
0.045791
0.418982
0.145135
0.900687
0.886763
0.320549
0.802218
0.804146
0.150206
0.225422
0.425397
0.346283
0.257354
0.230579
0.234913
0.437357
0.969162
0.277153
0.435464
0.265645
0.486852
0.508772
0.466911
0.545856
0.076376
0.709308
0.371474
0.089094
0.970611
0.196287
0.137793
0.020575
0.797111
0.345078
0.204773
0.379115
0.065340
0.564012
0.928874
0.437128
0.378183
0.649602
0.759323
0.850147
0.737956
0.142367
0.320858
0.031737
0.002870
0.643882
0.522983
0.035250
0.433428
0.253441
0.477363
0.369880
0.040110
0.934685
0.438115
0.753097
0.459598
0.889953
0.424140
0.161704
0.941427
0.240998
0.953761
0.390968
0.511609
0.607592
0.565036
0.640252
0.821880
0.975676
0.961134
0.244982
0.111619
0.321558
0.119452
0.924885
0.294551
0.398061
0.457522
0.704340
0.116300
0.135708
0.264472
0.872174
0.539667
0.230915
0.327313
0.675061
0.419141
0.093337
0.444334
0.996682
0.519815
0.473166
0.338511
0.411899
0.700371
0.301214
0.964547
0.791587
0.792253
0.880319
0.769545
0.460420
0.700262
0.255736
0.439513
0.715174
0.138057
0.509894
0.071266
0.829081
0.042180
0.026935
0.301573
0.507488
0.676408
0.966661
0.105871
0.645320
0.033349
0.298931
0.402266
0.734722
0.028754
0.689471
0.265906
0.201331
0.725074
0.209075
0.337187
0.425435
0.684893
0.604423
0.412336
0.816845
0.766334
0.074457
0.710379
0.276365
0.883523
0.527302
0.702685
0.437894
0.196003
0.870971
0.721996
0.999752
0.420840
0.372403
0.647538
0.050345
0.220290
0.308880
0.199224
0.492738
0.078796
0.732695
0.335229
0.897901
0.412849
0.719956
0.163123
0.582247
0.830106
0.143703
0.347182
0.718652
0.845766
0.888872
0.151892
0.798160
0.105252
0.140277
0.176918
0.649940
0.020278
0.823100
0.993596
0.059193
0.322568
0.993917
0.500272
0.305860
0.308071
0.550406
0.618909
0.232432
0.900097
0.613278
0.296544
0.379662
0.102074
0.123821
0.946597
0.629807
0.185423
0.561783
0.204507
0.994418
0.888485
0.159399
0.829909
0.827853
0.978521
0.949799
0.491206
0.978953
0.299639
0.872240
0.082675
0.637465
0.417170
0.404313
0.652796
0.668341
0.812528
0.578218
0.796554
0.080858
0.884604
0.538144
0.708225
0.885075
0.091940
0.905581
0.472753
0.521637
0.806481
0.170083
0.580785
0.009858
0.316454
0.035365
0.280774
0.084575
0.723615
0.012454
0.417817
0.144597
0.313908
0.208250
0.064884
0.558357
0.387441
0.048120
0.401677
0.400852
0.685210
0.179940
0.074426
0.319996
0.312899
0.628314
0.938538
0.130664
0.749490
0.502423
0.110939
0.615950
0.170844
0.162272
0.461027
0.678196
0.842230
0.432280
0.654529
0.065750
0.794705
0.850630
0.578570
0.001950
0.802210
0.487930
0.637148
0.449323
0.446403
0.457367
0.762797
0.466696
0.846567
0.060521
0.670672
0.394011
0.640185
0.312133
0.134913
0.933138
0.874176
0.063344
0.954832
0.020203
0.984491
0.610273
0.915159
0.218817
0.407953
0.814668
0.022149
0.454441
0.302680
0.759121
0.400709
0.149876
0.540958
0.375173
0.901686
0.150688
0.712770
0.264067
0.431359
0.390836
0.871736
0.628751
0.248042
0.039294
0.428170
0.800812
0.638613
0.252746
0.229141
0.783807
0.505330
0.631129
0.954107
0.803515
0.831816
0.271288
0.152539
0.754251
0.257431
0.221802
0.317561
0.967226
0.300906
0.577829
0.867194
0.142365
0.397898
0.928030
0.457436
0.350476
0.842222
0.789843
0.772940
0.988240
0.188753
0.570995
0.230586
0.352671
0.927206
0.261894
0.931242
0.612558
0.776346
0.067684
0.143134
0.192120
0.219204
0.219367
0.863275
0.706326
0.562917
0.308930
0.103265
0.126076
0.294966
0.670497
0.057720
0.272164
0.543923
0.492380
0.588601
0.295505
0.873788
0.310427
0.535337
0.652600
0.745301
0.480327
0.930908
0.748416
0.391705
0.276662
0.412585
0.668291
0.269317
0.603335
0.693608
0.016957
0.276202
0.652295
0.262124
0.420451
0.909929
0.676980
0.641628
0.874847
0.297941
0.347357
0.544441
0.746270
0.290935
0.048380
0.886397
0.062728
0.155502
0.553541
0.092198
0.012010
0.925207
0.711850
0.411512
0.036780
0.168623
0.363537
0.324866
0.240289
0.948910
0.204073
0.062775
0.921055
0.233009
0.143131
0.353062
0.517908
0.151160
0.623789
0.097194
0.047449
0.409609
0.268363
0.759122
0.691729
0.863731
0.128633
0.641936
0.695953
0.622956
0.586422
0.845366
0.861506
0.841641
0.745297
0.641209
0.896121
0.938905
0.903864
0.294089
0.963583
0.727985
0.755352
0.899301
0.337094
0.018861
0.209340
0.295983
0.836648
0.091064
0.221009
0.496748
0.341554
0.529696
0.391985
0.503854
0.946359
0.158676
0.013385
0.021146
0.938673
0.663165
0.448897
0.459003
0.472230
0.585874
0.459394
0.369085
0.758277
0.573343
0.930110
0.858687
0.335354
0.411748
0.393908
0.860181
0.698092
0.242421
0.040811
0.995574
0.380420
0.549244
0.937672
0.245268
0.034601
0.555516
0.157550
0.156509
0.618751
0.136824
0.312407
0.930450
0.757140
0.891996
0.316758
0.876702
0.583670
0.085399
0.509663
0.245211
0.697785
0.646461
0.911781
0.885732
0.421512
0.945587
0.950562
0.694498
0.162768
0.064226
0.719436
0.791798
0.954906
0.685851
0.570614
0.837036
0.964981
0.300993
0.335499
0.088875
0.625282
0.412192
0.177800
0.392000
0.901534
0.727294
0.766577
0.978459
0.343619
0.538715
0.485999
0.650378
0.509392
0.740491
0.480210
0.229061
0.029984
0.545602
0.109375
0.571915
0.091878
0.419005
0.199927
0.731048
0.084665
0.823189
0.380111
0.784539
0.150617
0.729051
0.169185
0.609276
0.662594
0.948943
0.919576
0.684580
0.452818
0.215025
0.492109
0.957767
0.904391
0.214889
0.217711
0.099077
0.827905
0.710157
0.875127
0.265927
0.776933
0.195574
0.838699
0.636009
0.368104
0.304707
0.371896
0.113679
0.474366
0.546933
0.737041
0.844543
0.614569
0.482630
0.224905
0.840106
0.198570
0.460981
0.441472
0.895236
0.059010
0.492390
0.244226
0.928643
0.038266
0.519214
0.854494
0.233016
0.307479
0.938730
0.288610
0.928357
0.446181
0.606320
0.409292
0.392203
0.721481
0.595583
0.480744
0.050523
0.596993
0.963101
0.702084
0.875815
0.291878
0.442132
0.406369
0.185259
0.704381
0.423472
0.066781
0.588864
0.199257
0.125209
0.710007
0.366476
0.469406
0.404092
0.024489
0.838346
0.197062
0.779284
0.538730
0.621346
0.037803
0.212045
0.181265
0.498264
0.100718
0.784647
0.031872
0.501893
0.903209
0.480528
0.163855
0.704355
0.283758
0.414175
0.491807
0.479064
0.473553
0.659214
0.302899
0.079633
0.043505
0.009454
0.424955
0.900041
0.904178
0.385138
0.046309
0.392211
0.322517
0.767994
0.921419
0.874220
0.977003
0.210688
0.678093
0.343105
0.660875
0.357029
0.303283
0.009979
0.635370
0.891889
0.588395
0.231085
0.189711
0.857234
0.652320
0.243428
0.604120
0.975070
0.114255
0.666195
0.455210
0.715241
0.974023
0.021878
0.247284
0.979950
0.271346
0.261049
0.228456
0.275476
0.531800
0.429880
0.889566
0.331796
0.070135
0.530665
0.476587
0.974059
0.100096
0.573530
0.003957
0.251897
0.986428
0.042794
0.390272
0.168030
0.876299
0.367013
0.276705
0.777740
0.879270
0.409736
0.194860
0.560340
0.841291
0.244853
0.298771
0.409849
0.284286
0.373864
0.125932
0.394263
0.788529
0.236372
0.931127
0.307151
0.416945
0.406501
0.271593
0.523369
0.327113
0.973247
0.124274
0.901273
0.785735
0.048130
0.700851
0.131081
0.470216
0.208692
0.162861
0.166616
0.633451
0.239673
0.473532
0.615003
0.030398
0.550554
0.111940
0.384939
0.632002
0.825747
0.035368
0.168572
0.231346
0.640464
0.592801
0.716933
0.957327
0.351958
0.155530
0.403214
0.911644
0.944253
0.122816
0.281079
0.039251
0.584938
0.274382
0.613181
0.266087
0.566360
0.515934
0.424015
0.645617
0.895390
0.032875
0.363918
0.660908
0.375612
0.616997
0.387490
0.300628
0.951679
0.381050
0.372960
0.780753
0.276438
0.490534
0.470753
0.898246
0.241918
0.209744
0.352525
0.820336
0.012461
0.844787
0.390287
0.042179
0.614361
0.845749
0.262085
0.697339
0.598330
0.349568
0.087422
0.038939
0.894368
0.418903
0.444781
0.951174
0.060585
0.013857
0.243213
0.409698
0.617045
0.855726
0.230742
0.400432
0.260775
0.396328
0.122171
0.707953
0.432159
0.937784
0.785503
0.800322
0.396031
0.919817
0.316606
0.174508
0.645708
0.093928
0.906243
0.551017
0.060188
0.568498
0.539462
0.404553
0.897142
0.188396
0.679934
0.194383
0.216679
0.836244
0.290490
0.983473
0.504359
0.339484
0.196741
0.904907
0.740090
0.870181
0.359106
0.764384
0.234170
0.329603
0.195530
0.356912
0.959426
0.567313
0.338835
0.930250
0.354830
0.268832
0.488708
0.246987
0.876670
0.741409
0.302641
0.312004
0.910828
0.863951
0.857530
0.054667
0.885846
0.743180
0.512753
0.829452
0.510348
0.113095
0.626312
0.754260
0.149056
0.459358
0.652585
0.167760
0.681129
0.538353
0.140844
0.192916
0.571575
0.409520
0.300186
0.090940
0.695304
0.870929
0.968358
0.543847
0.630026
0.899149
0.019305
0.261607
0.707899
0.225275
0.340813
0.326640
0.336093
0.215628
0.291391
0.963018
0.693733
0.450637
0.477172
0.966039
0.241534
0.641214
0.610288
0.893815
0.788876
0.940630
0.667829
0.831515
0.793762
0.217760
0.266141
0.538397
0.819260
0.207347
0.103407
0.603429
0.635273
0.370295
0.391977
0.624508
0.267385
0.101235
0.656745
0.166395
0.362930
0.022965
0.322539
0.175918
0.207636
0.261577
0.464639
0.191827
0.033369
0.254759
0.140071
0.477722
0.061862
0.525480
0.434889
0.066562
0.812020
0.416186
0.186052
0.992872
0.970065
0.645336
0.659672
0.026312
0.831439
0.167780
0.001262
0.762917
0.381101
0.521190
0.173473
0.823333
0.469264
0.919746
0.550189
0.516249
0.058829
0.301256
0.638596
0.416408
0.388067
0.950283
0.546829
0.553544
0.403738
0.520532
0.286629
0.692369
0.289999
0.091564
0.441275
0.590067
0.331236
0.838324
0.373943
0.481203
0.910064
0.070352
0.643749
0.846443
0.440573
0.097414
0.189381
0.880634
0.661436
0.581529
0.962525
0.685898
0.875144
0.552045
0.354070
0.083416
0.340415
0.868620
0.648021
0.806444
0.598112
0.325264
0.163295
0.381577
0.139301
0.008050
0.967960
0.811921
0.372884
0.379382
0.181980
0.155891
0.897318
0.173654
0.939291
0.288151
0.566199
0.169729
0.341698
0.064143
0.431760
0.953455
0.875426
0.797518
0.724207
0.188002
0.673199
0.242612
0.905363
0.704651
0.078393
0.917504
0.164032
0.625207
0.592051
0.839790
0.902199
0.811334
0.623957
0.069505
0.045364
0.906662
0.034372
0.797741
0.852819
0.025433
0.309710
0.899681
0.782507
0.747940
0.268025
0.295729
0.993679
0.554384
0.223132
0.654008
0.191469
0.634799
0.289774
0.449188
0.119039
0.250510
0.443483
0.823986
0.131690
0.403826
0.363272
0.720102
0.461364
0.953230
0.542107
0.954372
0.310976
0.053833
0.475718
0.278752
0.327665
0.192926
0.350967
0.325104
0.551820
0.008703
0.916049
0.638555
0.725095
0.063827
0.210300
0.268940
0.401255
0.776639
0.263896
0.484019
0.368103
0.381103
0.243120
0.520190
0.179700
0.065992
0.016205
0.347815
0.892152
0.886779
0.444244
0.918433
0.981286
0.941884
0.608863
0.912723
0.890120
0.581131
0.637923
0.177938
0.190415
0.853216
0.823503
0.150224
0.095530
0.932847
0.006088
0.919466
0.143396
0.410490
0.776943
0.574072
0.388469
0.792412
0.706161
0.335388
0.730035
0.062287
0.490110
0.131891
0.504234
0.980683
0.565324
0.449445
0.308486
0.773558
0.350874
0.006330
0.238196
0.614392
0.622480
0.706410
0.582116
0.449409
0.402979
0.389838
0.150154
0.536917
0.251926
0.803315
0.305749
0.342855
0.419780
0.215386
0.069800
0.717428
0.036197
0.657650
0.528163
0.823507
0.262728
0.429952
0.921663
0.098314
0.007671
0.290482
0.426924
0.801382
0.722056
0.797658
0.082158
0.664096
0.781369
0.613813
0.488698
0.196100
0.950101
0.699858
0.421115
0.649503
0.457413
0.143248
0.398225
0.197745
0.036699
0.228619
0.467166
0.197511
0.754160
0.498691
0.370163
0.653205
0.262968
0.125467
0.425570
0.423323
0.266481
0.482521
0.942641
0.399563
0.587999
0.298539
0.929238
0.506474
0.086257
0.332443
0.611778
0.526105
0.888364
0.320163
0.849172
0.933421
0.630434
0.020066
0.442115
0.612247
0.392347
0.125011
0.675684
0.537140
0.219661
0.603570
0.291119
0.249367
0.659390
0.096760
0.547542
0.271249
0.029257
0.093236
0.733957
0.332091
0.804328
0.312041
0.363831
0.003228
0.973094
0.902912
0.229084
0.479408
0.936248
0.448242
0.288255
0.789879
0.644511
0.781077
0.280869
0.466549
0.525353
0.816269
0.212243
0.249949
0.220592
0.840910
0.022083
0.285116
0.874196
0.916036
0.417923
0.930958
0.650900
0.750997
0.047940
0.931192
0.205973
0.253146
0.436667
0.130260
0.301336
0.699216
0.193037
0.553687
0.604179
0.000652
0.972239
0.207277
0.062419
0.017970
0.829648
0.426655
0.797675
0.155282
0.513977
0.280721
0.674482
0.987782
0.452448
0.932056
0.094615
0.032398
0.167673
0.902253
0.790913
0.030837
0.428910
0.184506
0.261831
0.950982
0.085621
0.675567
0.798146
0.525217
0.616156
0.056124
0.072155
0.654515
0.249012
0.540568
0.809911
0.323257
0.537978
0.677450
0.623772
0.200450
0.679094
0.703089
0.858760
0.975448
0.527886
0.597743
0.514952
0.602894
0.665510
0.895606
0.646217
0.143661
0.599597
0.303507
0.583286
0.365568
0.296471
0.335412
0.259213
0.973988
0.177437
0.619459
0.987028
0.430114
0.855022
0.994681
0.859332
0.172057
0.707471
0.771793
0.737207
0.585315
0.232026
0.684132
0.367801
0.114602
0.012096
0.228300
0.852346
0.040680
0.323912
0.041219
0.229939
0.604150
0.952535
0.866168
0.855427
0.395733
0.255105
0.076258
0.796451
0.559798
0.281469
0.110377
0.472969
0.522036
0.239234
0.020670
0.861443
0.329461
0.656717
0.774205
0.041862
0.735198
0.697158
0.675817
0.223853
0.193686
0.885281
0.624873
0.799093
0.013155
0.248762
0.306666
0.949060
0.869292
0.021408
0.133189
0.722495
0.926649
0.841444
0.764297
0.927504
0.299902
0.435415
0.022399
0.287969
0.251647
0.193085
0.793775
0.485427
0.805782
0.388353
0.409935
0.664865
0.497985
0.024667
0.264790
0.161261
0.206497
0.590297
0.813916
0.102191
0.688475
0.690755
0.074534
0.066169
0.431677
0.007613
0.240159
0.889912
0.146475
0.483813
0.025078
0.211711
0.165763
0.029685
0.109711
0.447738
0.556759
0.338622
0.336083
0.710543
0.243326
0.567925
0.709228
0.162531
0.560086
0.827587
0.352682
0.597041
0.850574
0.834906
0.837168
0.511257
0.696689
0.167225
0.102243
0.265609
0.341395
0.533093
0.986196
0.645531
0.245581
0.694464
0.328907
0.344874
0.238949
0.496264
0.468049
0.858440
0.275452
0.905598
0.544168
0.482991
0.141454
0.406201
0.779111
0.845517
0.330198
0.037681
0.308409
0.643607
0.522142
0.833210
0.170816
0.425855
0.864937
0.655215
0.219120
0.219454
0.834521
0.216142
0.966069
0.324173
0.763745
0.466601
0.828892
0.540480
0.092710
0.955786
0.484638
0.364367
0.397299
0.289282
0.380015
0.616645
0.499967
0.248721
0.264516
0.462376
0.664998
0.102334
0.900539
0.190634
0.493616
0.187804
0.845050
0.786285
0.621265
0.059568
0.432182
0.286809
0.045176
0.457825
0.405766
0.993160
0.125099
0.195085
0.580212
0.333583
0.345485
0.160369
0.792061
0.104913
0.415976
0.489836
0.693623
0.176032
0.458053
0.006951
0.629567
0.578397
0.924313
0.128744
0.160878
0.650608
0.818982
0.249399
0.403106
0.914057
0.896473
0.389929
0.436461
0.368371
0.686244
0.184662
0.189364
0.616970
0.648472
0.770795
0.121427
0.484435
0.964259
0.163139
0.867285
0.312807
0.057251
0.924713
0.627310
0.790148
0.539123
0.324741
0.091726
0.434140
0.363931
0.019709
0.486946
0.681260
0.236764
0.916358
0.015042
0.363318
0.317121
0.708550
0.972223
0.865749
0.413399
0.996564
0.991077
0.863963
0.767340
0.182540
0.970953
0.846551
0.845115
0.460026
0.733246
0.086087
0.328842
0.010014
0.903883
0.207378
0.482024
0.703924
0.909030
0.236759
0.473093
0.292950
0.488190
0.766297
0.227143
0.324973
0.982820
0.963694
0.118302
0.847490
0.377238
0.901500
0.879927
0.227728
0.659519
0.133604
0.650478
0.138542
0.740832
0.544513
0.320432
0.785625
0.590543
0.371567
0.148888
0.268641
0.546374
0.019336
0.277855
0.089522
0.931746
0.662265
0.864446
0.144317
0.769589
0.841939
0.260992
0.324843
0.361271
0.503533
0.376065
0.097455
0.776713
0.200442
0.214448
0.088368
0.760987
0.590563
0.930748
0.310511
0.535287
0.381867
0.515318
0.946062
0.618189
0.538412
0.780505
0.025051
0.769741
0.258006
0.004153
0.893265
0.824550
0.102517
0.637676
0.294622
0.672277
0.527047
0.689106
0.026113
0.781728
0.004891
0.970797
0.030190
0.539266
0.775680
0.311575
0.834999
0.958240
0.437020
0.819583
0.388185
0.280043
0.066978
0.955803
0.760195
0.566213
0.871247
0.588250
0.586408
0.983606
0.129071
0.692034
0.825188
0.401690
0.228954
0.439554
0.895261
0.620317
0.270826
0.773162
0.224211
0.451162
0.939614
0.731795
0.590959
0.157725
0.882807
0.757751
0.031060
0.223916
0.750744
0.747776
0.067771
0.032600
0.745138
0.166055
0.379862
0.066556
0.675373
0.034967
0.615135
0.710650
0.838650
0.991441
0.534206
0.950898
0.089842
0.805464
0.453582
0.891611
0.246290
0.255457
0.459947
0.674647
0.854357
0.158060
0.843965
0.444615
0.067239
0.338547
0.164127
0.699870
0.399928
0.308800
0.983011
0.902274
0.555815
0.034812
0.327497
0.768198
0.038363
0.583360
0.237315
0.809937
0.251519
0.553101
0.003596
0.059364
0.199762
0.178814
0.812056
0.965492
0.115752
0.170173
0.490711
0.840963
0.197879
0.336070
0.601053
0.973812
0.655402
0.537635
0.608968
0.466920
0.014693
0.714969
0.884287
0.327496
0.306617
0.878824
0.649414
0.115086
0.361151
0.991761
0.132342
0.699442
0.841116
0.056582
0.883095
0.347824
0.098137
0.972870
0.885993
0.214072
0.790969
0.959629
0.254660
0.414382
0.743274
0.766549
0.845392
0.785310
0.677170
0.987349
0.626216
0.274994
0.396125
0.844915
0.264953
0.815051
0.457174
0.934169
0.502959
0.163040
0.112439
0.922563
0.028818
0.819477
0.892082
0.354141
0.322407
0.351455
0.350516
0.668656
0.295105
0.964648
0.820655
0.446134
0.615645
0.067186
0.626403
0.661702
0.712205
0.844155
0.049097
0.573640
0.392622
0.964398
0.317799
0.008524
0.338957
0.907891
0.535913
0.717180
0.165729
0.835578
0.564394
0.124891
0.015208
0.652997
0.671853
0.899965
0.186854
0.805001
0.731163
0.039524
0.834551
0.761226
0.161648
0.452946
0.216030
0.600948
0.304668
0.074640
0.139283
0.042707
0.331698
0.138773
0.682805
0.459295
0.955024
0.917948
0.722080
0.144101
0.303235
0.337119
0.587899
0.599118
0.543631
0.391279
0.426210
0.352508
0.113160
0.128878
0.924392
0.455186
0.732039
0.494046
0.281971
0.940604
0.323332
0.407451
0.452817
0.543347
0.092512
0.417471
0.690757
0.790593
0.985585
0.854196
0.526030
0.958367
0.633815
0.122002
0.149023
0.351275
0.373933
0.715878
0.714485
0.383249
0.765029
0.583039
0.022379
0.997240
0.432570
0.344680
0.707878
0.325554
0.451732
0.105552
0.779443
0.021522
0.856909
0.194066
0.631851
0.745871
0.878389
0.886151
0.845497
0.579387
0.797612
0.800528
0.205690
0.981120
0.299553
0.409236
0.275590
0.360196
0.876450
0.896869
0.780969
0.960895
0.870693
0.796269
0.673431
0.550469
0.080264
0.877817
0.293549
0.462629
0.765773
0.483176
0.945082
0.323789
0.244423
0.915638
0.387863
0.169786
0.165466
0.847655
0.860750
0.396749
0.473621
0.184034
0.938218
0.419467
0.010742
0.805336
0.368679
0.136550
0.294624
0.371975
0.737297
0.255087
0.308073
0.750582
0.243013
0.575099
0.795462
0.437632
0.414888
0.302767
0.823662
0.453331
0.121327
0.434009
0.354366
0.183898
0.968318
0.327920
0.337644
0.805935
0.984937
0.737855
0.623827
0.615778
0.943897
0.883222
0.753999
0.121297
0.855860
0.967685
0.147048
0.880506
0.262771
0.268682
0.294469
0.763426
0.810571
0.040735
0.149568
0.565805
0.947827
0.284531
0.818721
0.800048
0.634931
0.719380
0.056112
0.521289
0.176793
0.496765
0.528831
0.172356
0.319980
0.377822
0.912441
0.066469
0.647844
0.625833
0.652358
0.724203
0.756181
0.499252
0.215679
0.960218
0.785595
0.634021
0.879643
0.306910
0.921652
0.806876
0.378901
0.961853
0.862493
0.883944
0.502273
0.850811
0.030757
0.754019
0.964949
0.702085
0.801247
0.327419
0.554677
0.617878
0.866871
0.868694
0.455376
0.571444
0.558307
0.645958
0.868630
0.884119
0.773484
0.428265
0.141610
0.383153
0.816373
0.292097
0.608707
0.186719
0.640950
0.111308
0.864502
0.705230
0.644493
0.059849
0.887842
0.849490
0.466873
0.446030
0.986897
0.518087
0.186259
0.327899
0.027558
0.848610
0.995953
0.380862
0.011117
0.930395
0.234538
0.231790
0.911956
0.888592
0.760486
0.690015
0.342226
0.008153
0.341886
0.536070
0.588450
0.230350
0.311814
0.655445
0.663380
0.651621
0.268765
0.838852
0.896324
0.144898
0.086308
0.287512
0.163456
0.012278
0.088934
0.504154
0.496868
0.345813
0.563092
0.184467
0.578408
0.203604
0.838816
0.486484
0.818566
0.602825
0.188578
0.320515
0.045016
0.878324
0.877621
0.435731
0.107772
0.199168
0.929667
0.554832
0.440044
0.138206
0.657090
0.881183
0.053592
0.957805
0.056136
0.159712
0.268966
0.461623
0.427160
0.315713
0.864801
0.017766
0.085024
0.570058
0.261576
0.817637
0.146112
0.571871
0.816377
0.544243
0.575375
0.410842
0.725453
0.483595
0.199609
0.702128
0.140755
0.401542
0.053381
0.264189
0.785319
0.378009
0.881676
0.930040
0.419182
0.905607
0.086510
0.160970
0.116493
0.432022
0.982982
0.742283
0.566476
0.468172
0.834591
0.333769
0.830583
0.153291
0.257262
0.503495
0.768400
0.524799
0.039441
0.730497
0.361476
0.844492
0.753001
0.336960
0.148321
0.246860
0.220353
0.863822
0.243232
0.797757
0.133221
0.506164
0.862833
0.519495
0.239900
0.545760
0.795964
0.467518
0.608635
0.154185
0.022181
0.064686
0.691961
0.521185
0.958046
0.550733
0.741675
0.928404
0.043163
0.242341
0.978370
0.564128
0.555705
0.194733
0.125517
0.532752
0.912365
0.606948
0.686766
0.247591
0.916347
0.939798
0.199326
0.678326
0.843826
0.010092
0.597453
0.028452
0.445465
0.222915
0.983588
0.696661
0.897169
0.181181
0.534824
0.072497
0.856755
0.112594
0.885685
0.305610
0.428516
0.627857
0.763879
0.225211
0.991089
0.884418
0.795432
0.312772
0.950866
0.619975
0.309041
0.459860
0.414882
0.295681
0.186180
0.099236
0.295612
0.390741
0.001640
0.706032
0.808702
0.548239
0.119253
0.703091
0.157151
0.282078
0.400611
0.129180
0.404687
0.586888
0.183741
0.757598
0.102919
0.911224
0.024368
0.937264
0.095692
0.425662
0.844111
0.448284
0.916643
0.996012
0.785526
0.492655
0.729978
0.323234
0.701858
0.618927
0.659797
0.526262
0.502802
0.415944
0.679819
0.575091
0.576394
0.288629
0.456859
0.040726
0.631041
0.976146
0.857080
0.294321
0.008863
0.514759
0.443901
0.187967
0.716606
0.709539
0.339094
0.054308
0.156044
0.804050
0.890184
0.614025
0.521017
0.015968
0.853801
0.344036
0.136960
0.880022
0.633165
0.439658
0.066739
0.459863
0.491456
0.885337
0.734214
0.191929
0.791438
0.235513
0.249609
0.709831
0.456338
0.828176
0.484619
0.319172
0.913662
0.072513
0.186681
0.810996
0.758795
0.768573
0.957631
0.418797
0.538042
0.367105
0.138164
0.591507
0.908969
0.087675
0.048274
0.352061
0.259419
0.076719
0.685476
0.443808
0.826045
0.000147
0.953331
0.424432
0.829247
0.570368
0.906354
0.337074
0.955166
0.572490
0.643919
0.239707
0.428708
0.867524
0.621620
0.845397
0.853564
0.820406
0.259615
0.940270
0.001883
0.438253
0.455940
0.719465
0.697508
0.171471
0.385773
0.060513
0.683391
0.920903
0.911109
0.594880
0.844824
0.681498
0.605641
0.952302
0.956451
0.178478
0.255150
0.170967
0.174070
0.903956
0.589823
0.374806
0.439413
0.032889
0.318014
0.320817
0.770339
0.724903
0.284493
0.027607
0.297499
0.983753
0.058157
0.929405
0.176181
0.041502
0.386308
0.639259
0.943302
0.110593
0.890263
0.392324
0.819708
0.916582
0.648712
0.060178
0.964190
0.675488
0.330943
0.815313
0.615040
0.963541
0.357812
0.878070
0.539983
0.311971
0.135969
0.625310
0.352634
0.056912
0.503914
0.898902
0.572545
0.490551
0.728228
0.420123
0.152337
0.867278
0.700372
0.730963
0.129376
0.541821
0.191336
0.213959
0.928623
0.235207
0.905138
0.061089
0.360510
0.698282
0.347911
0.987257
0.386623
0.853257
0.814455
0.723207
0.105975
0.165393
0.163278
0.332529
0.555410
0.215065
0.208611
0.601116
0.491744
0.675536
0.143805
0.734784
0.409528
0.100829
0.450988
0.279512
0.587125
0.038748
0.908761
0.146902
0.585875
0.178601
0.593460
0.861228
0.701175
0.778768
0.681414
0.625705
0.402070
0.565057
0.999902
0.838628
0.906813
0.969324
0.513243
0.314025
0.098513
0.077453
0.981924
0.224838
0.276607
0.275841
0.331125
0.329444
0.166079
0.793032
0.319371
0.696597
0.856213
0.882476
0.049251
0.145829
0.072455
0.054643
0.894532
0.513787
0.570539
0.508172
0.234049
0.822843
0.544618
0.843805
0.419885
0.220179
0.296117
0.066107
0.107655
0.791333
0.207923
0.081926
0.439993
0.373893
0.641974
0.837816
0.775353
0.395505
0.615732
0.504464
0.475139
0.396482
0.090077
0.170367
0.220952
0.158249
0.134191
0.377097
0.060047
0.364179
0.478218
0.662313
0.181042
0.577041
0.029110
0.018814
0.770890
0.527156
0.534570
0.590666
0.384679
0.423518
0.696074
0.464532
0.569278
0.505308
0.961829
0.020223
0.038963
0.859081
0.236193
0.302474
0.411501
0.230791
0.500341
0.806181
0.400436
0.101204
0.943279
0.620915
0.342245
0.471732
0.524175
0.342178
0.964139
0.189033
0.774100
0.912678
0.185087
0.354446
0.508853
0.749060
0.122689
0.226934
0.660406
0.331551
0.570524
0.605471
0.357843
0.421629
0.572056
0.330574
0.366914
0.891939
0.914752
0.580895
0.782833
0.956311
0.952090
0.956111
0.522380
0.261445
0.603249
0.354131
0.540415
0.877190
0.295612
0.476313
0.833421
0.084403
0.927311
0.634423
0.452601
0.367113
0.156204
0.888063
0.331698
0.760425
0.157805
0.918183
0.602524
0.344178
0.015067
0.933784
0.933098
0.085212
0.001596
0.695998
0.841412
0.104289
0.786989
0.304978
0.110172
0.221446
0.692181
0.717708
0.368818
0.184453
0.502585
0.157931
0.835437
0.889574
0.892864
0.091493
0.428814
0.044381
0.746797
0.353652
0.846295
0.784748
0.710095
0.294995
0.750058
0.373622
0.841203
0.773809
0.198883
0.676280
0.332986
0.044917
0.431985
0.993371
0.771865
0.951017
0.435169
0.123856
0.176001
0.311777
0.573462
0.418797
0.330492
0.235404
0.444555
0.229288
0.408687
0.416374
0.160293
0.470005
0.364231
0.539924
0.034804
0.503076
0.286307
0.527532
0.150699
0.603925
0.414209
0.661746
0.943526
0.168124
0.460678
0.936699
0.691542
0.601268
0.418084
0.175356
0.482223
0.845320
0.606338
0.910771
0.744570
0.613244
0.230834
0.777071
0.068674
0.201838
0.419611
0.978841
0.360418
0.479604
0.565531
0.361676
0.284768
0.177130
0.820486
0.378333
0.127599
0.529326
0.850161
0.003671
0.527407
0.224698
0.907087
0.727595
0.284891
0.085062
0.268740
0.219750
0.692888
0.512255
0.101533
0.735515
0.264094
0.819881
0.918451
0.938817
0.243940
0.593883
0.896974
0.515477
0.283493
0.727960
0.623710
0.949368
0.690572
0.723465
0.566884
0.757088
0.988407
0.973788
0.594635
0.538746
0.590759
0.420973
0.866967
0.285932
0.971478
0.506193
0.151700
0.258265
0.020841
0.480325
0.592097
0.920172
0.774551
0.739251
0.827758
0.004348
0.464040
0.469691
0.740985
0.752145
0.641835
0.775139
0.306898
0.010069
0.697402
0.895307
0.109913
0.472524
0.471675
0.600578
0.420195
0.812439
0.519015
0.598317
0.796589
0.038119
0.814080
0.609681
0.827862
0.729857
0.110406
0.040121
0.165321
0.456402
0.229027
0.445084
0.709985
0.836357
0.610576
0.795665
0.749555
0.468369
0.434386
0.603882
0.703944
0.054810
0.123735
0.801575
0.615213
0.393283
0.404960
0.662738
0.448154
0.111286
0.131797
0.677168
0.588572
0.772020
0.117704
0.802521
0.221085
0.053654
0.414430
0.839571
0.114569
0.621366
0.824229
0.187859
0.872241
0.776376
0.630030
0.705514
0.318502
0.313592
0.810557
0.183550
0.460780
0.625771
0.752700
0.369158
0.913881
0.658030
0.517871
0.986805
0.176707
0.506102
0.350884
0.023966
0.253942
0.314010
0.653545
0.293862
0.763654
0.194076
0.942644
0.498863
0.734240
0.722273
0.490610
0.943901
0.306751
0.447550
0.336371
0.793576
0.641511
0.473382
0.924317
0.198171
0.479407
0.016917
0.447943
0.058443
0.961076
0.688688
0.391527
0.319182
0.422082
0.814912
0.468167
0.166429
0.663842
0.530278
0.293007
0.368804
0.831584
0.158573
0.542500
0.927837
0.176767
0.713381
0.736593
0.696488
0.694812
0.357939
0.548216
0.573058
0.186409
0.181772
0.482820
0.063611
0.269170
0.148094
0.537493
0.833615
0.199450
0.405233
0.501895
0.092364
0.491037
0.951662
0.416189
0.320229
0.236936
0.072272
0.560267
0.513867
0.739825
0.006576
0.730443
0.600510
0.749121
0.030510
0.165293
0.709937
0.545772
0.917094
0.238172
0.478085
0.693744
0.273657
0.662532
0.106414
0.699807
0.643003
0.475875
0.618627
0.167559
0.104609
0.312337
0.641218
0.853548
0.731931
0.597300
0.525208
0.852194
0.073463
0.065231
0.365710
0.921575
0.210147
0.135013
0.385318
0.009195
0.911498
0.683564
0.567099
0.288252
0.289619
0.226643
0.336807
0.462988
0.380808
0.645913
0.140249
0.884314
0.104405
0.721715
0.934408
0.147341
0.969943
0.434856
0.229580
0.357782
0.137720
0.444306
0.619741
0.717633
0.246476
0.829398
0.966984
0.432854
0.513997
0.870301
0.252468
0.184899
0.165127
0.210667
0.584191
0.086431
0.585727
0.060340
0.597712
0.931232
0.505311
0.797889
0.363283
0.607096
0.230272
0.403836
0.323970
0.127715
0.883686
0.357681
0.045194
0.892971
0.551579
0.752635
0.501404
0.633962
0.138641
0.543793
0.472358
0.680546
0.056905
0.360293
0.914463
0.239353
0.508402
0.535687
0.502802
0.621071
0.255514
0.827278
0.120069
0.323214
0.231104
0.043095
0.084829
0.545594
0.318063
0.181680
0.090844
0.663640
0.009462
0.447939
0.401627
0.190769
0.256028
0.381985
0.655383
0.338855
0.675754
0.218707
0.876046
0.896842
0.144570
0.369027
0.676759
0.331848
0.462848
0.474600
0.793288
0.257503
0.007380
0.472723
0.351971
0.365924
0.370773
0.329268
0.997924
0.196801
0.428983
0.414948
0.825030
0.915626
0.977747
0.765175
0.798382
0.546084
0.391133
0.969945
0.753597
0.690319
0.925055
0.286532
0.796233
0.879122
0.718116
0.749094
0.884748
0.717913
0.392560
0.517565
0.449552
0.632044
0.869333
0.096285
0.870380
0.728137
0.416415
0.040910
0.017066
0.372431
0.343888
0.870875
0.403783
0.298537
0.137745
0.135996
0.671100
0.698592
0.209258
0.462101
0.011818
0.598282
0.608782
0.903389
0.661767
0.981767
0.252767
0.962427
0.023343
0.944755
0.627772
0.539701
0.777080
0.001629
0.842238
0.555759
0.103160
0.461859
0.779322
0.230056
0.821448
0.136037
0.592360
0.917197
0.996669
0.476897
0.628681
0.546702
0.531593
0.366846
0.495710
0.988264
0.368541
0.227630
0.790910
0.348712
0.006855
0.717147
0.689636
0.904602
0.258662
0.683129
0.698503
0.462815
0.265119
0.905774
0.445325
0.961067
0.119609
0.227970
0.206191
0.705198
0.388542
0.328894
0.544799
0.069100
0.400745
0.499930
0.231104
0.916989
0.210655
0.498634
0.836386
0.776685
0.404915
0.941742
0.623266
0.602771
0.031042
0.780892
0.740326
0.281178
0.589663
0.203414
0.505923
0.808153
0.460002
0.499751
0.695821
0.805157
0.790350
0.681729
0.072916
0.966737
0.298917
0.563090
0.681958
0.611493
0.353344
0.339839
0.981103
0.980649
0.648492
0.914753
0.255036
0.460363
0.641158
0.840052
0.074925
0.145080
0.282530
0.339793
0.918320
0.064490
0.431089
0.949899
0.975599
0.031530
0.016624
0.791008
0.976695
0.352288
0.498307
0.078350
0.037181
0.388833
0.944956
0.060129
0.216626
0.986245
0.330395
0.456239
0.322386
0.561723
0.831681
0.502407
0.260030
0.467767
0.487901
0.439883
0.867080
0.962951
0.449380
0.734701
0.527466
0.877845
0.911772
0.755172
0.071626
0.154600
0.922406
0.079408
0.394762
0.571059
0.774156
0.258645
0.319618
0.100170
0.005538
0.425224
0.321790
0.639424
0.457697
0.110921
0.765463
0.523921
0.424528
0.108571
0.128875
0.676655
0.489955
0.305959
0.950334
0.082090
0.204383
0.963790
0.245078
0.334614
0.309451
0.860012
0.835420
0.870000
0.008996
0.098500
0.906551
0.050780
0.600380
0.758559
0.589919
0.680234
0.224084
0.457078
0.747231
0.803078
0.248100
0.013931
0.193874
0.856335
0.037222
0.790205
0.168004
0.953145
0.191450
0.990719
0.878083
0.782871
0.163635
0.820298
0.900694
0.619382
0.394701
0.926815
0.901285
0.269211
0.871990
0.709165
0.351404
0.814070
0.323382
0.069244
0.699057
0.869533
0.256456
0.179168
0.452100
0.222765
0.124034
0.920363
0.801938
0.849342
0.810440
0.231411
0.466766
0.661064
0.086067
0.125895
0.794273
0.630690
0.112259
0.689359
0.312048
0.588651
0.539923
0.187635
0.894352
0.773300
0.844030
0.595385
0.399149
0.324779
0.077422
0.005967
0.284590
0.067697
0.556878
0.675045
0.539861
0.276771
0.644885
0.241773
0.188464
0.513065
0.883635
0.687918
0.461082
0.288503
0.069887
0.818088
0.960844
0.268020
0.151868
0.668658
0.681521
0.004752
0.826803
0.354906
0.336787
0.232345
0.197926
0.005487
0.600008
0.460475
0.097718
0.793995
0.910741
0.449081
0.012844
0.151115
0.430485
0.802098
0.557674
0.175503
0.613975
0.719235
0.417398
0.239932
0.294832
0.514352
0.825638
0.653989
0.678841
0.703979
0.770661
0.239920
0.152202
0.168971
0.316631
0.065470
0.549271
0.473732
0.534444
0.624860
0.453458
0.422604
0.106187
0.951115
0.804585
0.060210
0.736549
0.587253
0.841281
0.720961
0.658978
0.034355
0.372316
0.843192
0.967983
0.652879
0.558159
0.778269
0.325847
0.338343
0.208491
0.515348
0.961129
0.038296
0.818448
0.461615
0.599018
0.270176
0.099808
0.351589
0.836283
0.495012
0.933616
0.462433
0.716460
0.391315
0.711397
0.682546
0.330416
0.445205
0.995948
0.877465
0.091237
0.203304
0.848709
0.435064
0.530930
0.050976
0.794139
0.053361
0.942429
0.537333
0.922180
0.422317
0.937569
0.239827
0.584077
0.655291
0.397075
0.189869
0.691480
0.032552
0.259369
0.758626
0.662207
0.352011
0.635427
0.474732
0.221302
0.578785
0.286248
0.113997
0.089255
0.938873
0.190612
0.094391
0.007893
0.721468
0.580586
0.643038
0.658545
0.054353
0.117179
0.427150
0.910917
0.259959
0.039169
0.071370
0.275630
0.951369
0.788386
0.339523
0.976807
0.093194
0.174624
0.919490
0.420778
0.946823
0.635203
0.700145
0.388738
0.514894
0.247547
0.196318
0.757066
0.084814
0.196595
0.790119
0.945531
0.908687
0.936576
0.751186
0.122048
0.225162
0.307302
0.803050
0.715252
0.360176
0.729894
0.527987
0.019543
0.659363
0.633760
0.945721
0.976826
0.496422
0.147540
0.469277
0.326536
0.780467
0.257920
0.817297
0.001830
0.099523
0.369798
0.071636
0.236420
0.388843
0.978033
0.320545
0.363881
0.246024
0.736366
0.282251
0.810862
0.013076
0.156473
0.443142
0.495417
0.033439
0.503199
0.226980
0.394244
0.887006
0.853007
0.825251
0.115526
0.484645
0.614847
0.341526
0.503007
0.516318
0.156933
0.296926
0.548263
0.084326
0.383003
0.080480
0.526830
0.919693
0.719311
0.453352
0.247040
0.600155
0.683127
0.599459
0.837922
0.142937
0.015774
0.552896
0.085564
0.657141
0.170105
0.409810
0.419883
0.580025
0.556383
0.721347
0.750112
0.698412
0.678928
0.207758
0.618319
0.958205
0.648259
0.821259
0.622023
0.225374
0.160387
0.346744
0.633179
0.820201
0.701036
0.580299
0.442256
0.120822
0.836215
0.106051
0.484185
0.561283
0.007101
0.145698
0.750477
0.689031
0.072323
0.263170
0.078620
0.278463
0.055850
0.958875
0.399606
0.053143
0.221200
0.339666
0.496869
0.146792
0.738592
0.611272
0.991441
0.846103
0.004700
0.659745
0.344507
0.147957
0.691469
0.959010
0.159159
0.661165
0.233800
0.115438
0.311498
0.827250
0.448402
0.368905
0.544109
0.127491
0.135780
0.727879
0.345351
0.228451
0.030645
0.061529
0.678511
0.552864
0.395138
0.218046
0.678502
0.452644
0.575138
0.146949
0.767323
0.560434
0.090490
0.905536
0.446822
0.589993
0.765566
0.826856
0.143647
0.956224
0.110744
0.586416
0.620074
0.743672
0.497300
0.701910
0.859331
0.467845
0.284687
0.916344
0.087232
0.443999
0.552450
0.841469
0.086304
0.799544
0.786426
0.498243
0.246442
0.869141
0.555163
0.554576
0.069065
0.567042
0.006962
0.772808
0.266089
0.698334
0.025303
0.071661
0.435138
0.350212
0.032147
0.897943
0.791213
0.537846
0.906272
0.152542
0.412596
0.054536
0.073568
0.560213
0.170829
0.588217
0.682767
0.013554
0.622972
0.823996
0.830023
0.490479
0.469825
0.060404
0.811903
0.223199
0.251500
0.889853
0.582244
0.216195
0.440134
0.600168
0.163155
0.141334
0.783858
0.833341
0.301781
0.483381
0.776802
0.890000
0.303564
0.036166
0.778660
0.555496
0.579779
0.077869
0.338658
0.912625
0.528972
0.376667
0.516104
0.551359
0.208560
0.198979
0.164298
0.824994
0.851549
0.082499
0.971255
0.024688
0.270966
0.861827
0.561996
0.825151
0.458922
0.855522
0.913581
0.835115
0.436933
0.259171
0.334903
0.199140
0.555710
0.630789
0.703536
0.290793
0.191668
0.095035
0.768183
0.962622
0.307765
0.425266
0.733244
0.030156
0.818417
0.241504
0.292668
0.605919
0.637121
0.352802
0.963522
0.651343
0.111891
0.532729
0.994863
0.664905
0.243698
0.115004
0.996674
0.269474
0.973529
0.480107
0.022913
0.456366
0.840444
0.669854
0.843337
0.759905
0.166359
0.605959
0.386218
0.792401
0.777617
0.446957
0.567831
0.400373
0.533951
0.617320
0.566577
0.992249
0.069732
0.861431
0.340666
0.157023
0.080058
0.676630
0.794931
0.604123
0.031392
0.892037
0.395830
0.435290
0.597610
0.842711
0.790264
0.788412
0.792174
0.430545
0.494834
0.360046
0.364746
0.707952
0.905900
0.434579
0.640411
0.055240
0.474038
0.301156
0.331781
0.228913
0.412549
0.437751
0.777530
0.308852
0.031184
0.928856
0.449459
0.857483
0.616845
0.630764
0.905746
0.976433
0.701716
0.967564
0.689123
0.448416
0.113643
0.848607
0.243627
0.905576
0.663954
0.728617
0.486802
0.885595
0.333258
0.702149
0.360561
0.288394
0.968808
0.987764
0.437940
0.118878
0.401834
0.631755
0.485068
0.574539
0.044337
0.600170
0.934676
0.441262
0.615909
0.529020
0.391764
0.704639
0.220745
0.384113
0.699924
0.140201
0.550340
0.241248
0.418558
0.107097
0.312990
0.596644
0.940422
0.606914
0.906864
0.535173
0.363263
0.003030
0.943354
0.507315
0.569967
0.294426
0.484771
0.918704
0.050621
0.936818
0.633191
0.218760
0.251196
0.939242
0.963441
0.256926
0.887451
0.721770
0.797707
0.990481
0.840068
0.401638
0.385534
0.047629
0.167790
0.601315
0.604869
0.135869
0.514718
0.088905
0.668115
0.475425
0.104794
0.189292
0.784691
0.429058
0.601437
0.140143
0.705818
0.424667
0.156316
0.597160
0.649107
0.282051
0.293668
0.754913
0.501289
0.343064
0.716554
0.117878
0.454661
0.406830
0.407171
0.376062
0.036164
0.818259
0.607368
0.786104
0.299085
0.455890
0.781497
0.047906
0.875698
0.274209
0.909277
0.115979
0.164868
0.631450
0.976367
0.631119
0.126796
0.996301
0.420063
0.712478
0.120596
0.280596
0.899508
0.836892
0.033305
0.983086
0.102552
0.252182
0.210298
0.486434
0.335039
0.200505
0.899196
0.136294
0.590395
0.194031
0.823077
0.252712
0.068039
0.600234
0.166284
0.478904
0.947964
0.142185
0.675870
0.885701
0.161996
0.460039
0.893136
0.204990
0.307326
0.801429
0.896563
0.649933
0.927012
0.249013
0.441496
0.193565
0.994389
0.689978
0.251609
0.049856
0.426206
0.679175
0.310323
0.869196
0.880183
0.620790
0.945401
0.681390
0.998994
0.164578
0.824269
0.446624
0.847432
0.703717
0.619740
0.767803
0.008851
0.891008
0.777194
0.007095
0.289065
0.443888
0.624724
0.494987
0.273868
0.769788
0.835936
0.198181
0.428732
0.775881
0.878229
0.364876
0.587560
0.391255
0.605454
0.523512
0.506455
0.421779
0.399554
0.833460
0.134707
0.452654
0.055374
0.165989
0.624861
0.307165
0.408889
0.824103
0.737040
0.109066
0.108867
0.107157
0.419411
0.150104
0.345391
0.662642
0.251374
0.807759
0.076682
0.313759
0.238692
0.922414
0.279751
0.149351
0.171461
0.951862
0.123372
0.434953
0.542303
0.936682
0.450616
0.556263
0.102803
0.137501
0.556158
0.684000
0.451557
0.440619
0.351340
0.345914
0.207316
0.528080
0.444326
0.244604
0.655512
0.925458
0.148649
0.268153
0.626751
0.795669
0.028670
0.624219
0.051498
0.564345
0.919961
0.610927
0.507225
0.858161
0.962107
0.191221
0.072317
0.767102
0.967474
0.344801
0.446843
0.381646
0.794489
0.030678
0.541017
0.205949
0.164942
0.577400
0.960894
0.541987
0.547024
0.087183
0.109578
0.386741
0.609738
0.833796
0.281280
0.974511
0.534303
0.507093
0.096756
0.734481
0.218555
0.886028
0.760273
0.635026
0.514292
0.151396
0.240065
0.572281
0.324987
0.980294
0.956733
0.357434
0.196813
0.644200
0.201064
0.740400
0.513613
0.038303
0.880963
0.920125
0.239748
0.418499
0.053376
0.227481
0.297284
0.328509
0.872889
0.624584
0.537760
0.894631
0.182455
0.136225
0.490271
0.467456
0.845426
0.400582
0.419920
0.595335
0.313565
0.069528
0.609475
0.006754
0.181413
0.991301
0.183569
0.438163
0.878844
0.759859
0.445068
0.067597
0.842524
0.469154
0.614075
0.424750
0.899239
0.677232
0.028834
0.882372
0.401555
0.618579
0.410359
0.224065
0.322420
0.643995
0.659086
0.341764
0.983428
0.375879
0.273451
0.368953
0.135582
0.835041
0.102904
0.189331
0.665683
0.526006
0.500620
0.220139
0.153180
0.561471
0.710151
0.989229
0.523541
0.319448
0.291832
0.928032
0.195222
0.052279
0.172711
0.477433
0.847304
0.243142
0.598940
0.945311
0.585649
0.656404
0.576825
0.301970
0.803350
0.708057
0.612869
0.839752
0.520710
0.560747
0.748870
0.987649
0.344033
0.861574
0.624885
0.592884
0.631709
0.193857
0.588061
0.085108
0.104213
0.497655
0.477137
0.888075
0.791553
0.162463
0.800921
0.687223
0.074120
0.634201
0.133240
0.625536
0.187845
0.533092
0.059668
0.960926
0.534692
0.859266
0.810230
0.273692
0.340508
0.388636
0.119332
0.529679
0.064403
0.239362
0.586679
0.104701
0.007435
0.731032
0.434418
0.788008
0.594728
0.675389
0.655607
0.078895
0.661810
0.825905
0.217865
0.896990
0.996833
0.789792
0.925738
0.894262
0.116984
0.366789
0.260735
0.217388
0.377961
0.876039
0.254202
0.188960
0.148313
0.032052
0.064391
0.475297
0.011831
0.351961
0.931397
0.771934
0.074818
0.744418
0.451280
0.057593
0.142696
0.429196
0.987569
0.824736
0.118908
0.575337
0.583400
0.648469
0.323766
0.822880
0.617084
0.185793
0.028181
0.813804
0.439790
0.051908
0.543489
0.614719
0.354194
0.235405
0.055602
0.115413
0.311445
0.620633
0.010121
0.068345
0.088560
0.153777
0.635253
0.058171
0.199944
0.300616
0.888442
0.743614
0.595511
0.872393
0.537117
0.906092
0.284071
0.361064
0.843078
0.025213
0.413045
0.228899
0.831635
0.956289
0.785908
0.417546
0.686978
0.981911
0.344294
0.505719
0.619927
0.137104
0.195656
0.186514
0.180324
0.409492
0.316358
0.043301
0.518153
0.491210
0.915069
0.505095
0.527348
0.245471
0.997154
0.652350
0.420831
0.005957
0.735758
0.848135
0.355180
0.424693
0.654164
0.910252
0.591701
0.643748
0.321791
0.349415
0.476541
0.812531
0.833397
0.842541
0.884481
0.313593
0.461124
0.043436
0.360890
0.950949
0.101230
0.311061
0.830728
0.457251
0.884428
0.107954
0.447889
0.225164
0.871207
0.302943
0.973389
0.087496
0.726419
0.501884
0.018591
0.172033
0.606132
0.874561
0.002902
0.531086
0.276416
0.848901
0.686672
0.181693
0.931358
0.546846
0.096978
0.604285
0.073035
0.978441
0.802534
0.714337
0.842459
0.830263
0.137699
0.918792
0.367302
0.740838
0.132668
0.115087
0.856543
0.920299
0.894300
0.801189
0.231313
0.154314
0.212185
0.032912
0.667548
0.289543
0.924675
0.809326
0.271066
0.519587
0.895575
0.934269
0.657882
0.451789
0.519889
0.752942
0.725803
0.737421
0.078940
0.387910
0.124338
0.761384
0.848125
0.491167
0.213153
0.276702
0.890083
0.590154
0.665498
0.873608
0.548561
0.724770
0.181075
0.256634
0.393360
0.750058
0.056718
0.652784
0.244983
0.592204
0.948305
0.162987
0.005470
0.795977
0.851877
0.924676
0.368537
0.312021
0.587609
0.750317
0.405402
0.064903
0.625696
0.062617
0.970483
0.875430
0.098090
0.266873
0.488278
0.716442
0.378857
0.663290
0.798880
0.243131
0.741524
0.205154
0.486339
0.235627
0.158719
0.535462
0.282700
0.246119
0.973763
0.252246
0.149794
0.627638
0.856998
0.778277
0.011784
0.773964
0.382325
0.994778
0.559774
0.893168
0.824567
0.376478
0.050517
0.599828
0.527734
0.481665
0.473542
0.145216
0.351627
0.216384
0.962335
0.067707
0.695389
0.618011
0.793131
0.662821
0.975901
0.692303
0.007067
0.885862
0.469618
0.493622
0.431314
0.871807
0.401401
0.516146
0.642807
0.773188
0.715556
0.723162
0.481183
0.874772
0.560996
0.649724
0.391665
0.264356
0.170667
0.576162
0.105278
0.365197
0.008094
0.706998
0.746920
0.857110
0.318828
0.851049
0.684106
0.030807
0.287770
0.087560
0.545749
0.994915
0.583687
0.121598
0.478271
0.981485
0.478462
0.680137
0.143573
0.169814
0.916148
0.112855
0.517697
0.153676
0.872649
0.225433
0.916663
0.746330
0.484178
0.926169
0.030076
0.001811
0.337089
0.524988
0.224879
0.770907
0.605541
0.210595
0.661528
0.446259
0.291974
0.481100
0.294385
0.738785
0.359934
0.354045
0.925558
0.767159
0.313914
0.362347
0.290861
0.816798
0.455708
0.045292
0.351353
0.167226
0.833627
0.229757
0.269210
0.267374
0.656810
0.614189
0.543911
0.599420
0.427328
0.031918
0.056538
0.382976
0.637610
0.399362
0.008519
0.450968
0.422136
0.079835
0.312189
0.643668
0.626905
0.798638
0.819479
0.776853
0.962899
0.225955
0.366830
0.190779
0.930762
0.713311
0.753536
0.869705
0.837101
0.497167
0.058000
0.592296
0.182572
0.679818
0.105792
0.237791
0.654434
0.640948
0.781657
0.690038
0.201380
0.030259
0.411221
0.696317
0.860200
0.228943
0.800091
0.006397
0.881020
0.710957
0.648784
0.070981
0.409198
0.516716
0.624398
0.351684
0.914522
0.689159
0.206662
0.249116
0.646030
0.148029
0.068920
0.380614
0.488783
0.504195
0.399452
0.232710
0.108551
0.054383
0.988643
0.776540
0.288139
0.880224
0.181798
0.653532
0.159769
0.628353
0.298043
0.176746
0.418081
0.924125
0.117827
0.652574
0.524966
0.237734
0.625358
0.175565
0.115930
0.534580
0.106880
0.450569
0.671660
0.724592
0.965831
0.302713
0.399242
0.928060
0.305122
0.346052
0.609743
0.102755
0.269721
0.316011
0.535656
0.609283
0.581477
0.267644
0.271212
0.288360
0.988203
0.739837
0.504613
0.797785
0.020606
0.496067
0.917935
0.756496
0.031091
0.366407
0.352339
0.754360
0.562663
0.930194
0.542176
0.889148
0.660947
0.787294
0.176084
0.994877
0.003628
0.001343
0.579541
0.263469
0.573530
0.460598
0.821188
0.453766
0.770380
0.457316
0.124562
0.474489
0.213040
0.505578
0.922010
0.891360
0.123933
0.166942
0.127085
0.348422
0.637257
0.412953
0.941088
0.283992
0.425028
0.141145
0.268103
0.510893
0.453097
0.436872
0.360163
0.882018
0.209208
0.548615
0.023275
0.430620
0.349461
0.517619
0.966845
0.284484
0.392686
0.573061
0.292619
0.187271
0.746492
0.025649
0.937593
0.946457
0.098288
0.653247
0.109883
0.791118
0.551893
0.655566
0.297172
0.369240
0.604023
0.047477
0.492296
0.774700
0.483386
0.806582
0.554625
0.662229
0.793999
0.557816
0.776691
0.408352
0.027503
0.855177
0.707637
0.383012
0.005774
0.196259
0.382669
0.532620
0.023852
0.966829
0.400612
0.674153
0.586662
0.866710
0.823399
0.791402
0.053880
0.800743
0.532274
0.071088
0.795730
0.249498
0.794592
0.925564
0.511413
0.207838
0.414894
0.885971
0.742118
0.074506
0.129125
0.722897
0.855388
0.803906
0.885998
0.700844
0.812083
0.292526
0.554820
0.685293
0.777099
0.476325
0.136919
0.995998
0.112307
0.192077
0.176798
0.207259
0.384700
0.254959
0.322538
0.238140
0.738401
0.117322
0.104937
0.921269
0.133783
0.490954
0.908628
0.841423
0.510191
0.635909
0.557009
0.333402
0.169210
0.641380
0.259743
0.770135
0.156648
0.143061
0.484089
0.715939
0.587820
0.022028
0.035124
0.028009
0.100092
0.624021
0.001817
0.460688
0.788138
0.110855
0.268494
0.595865
0.303867
0.713342
0.082690
0.446970
0.240425
0.879243
0.898210
0.693353
0.741289
0.702002
0.658490
0.639919
0.528281
0.039782
0.099517
0.259856
0.249844
0.336784
0.055620
0.969011
0.819745
0.873938
0.330713
0.394203
0.876425
0.199557
0.249389
0.051051
0.523545
0.689005
0.913104
0.468905
0.434224
0.566987
0.959165
0.247400
0.503776
0.361534
0.691371
0.290744
0.911035
0.643737
0.784553
0.473804
0.606548
0.926596
0.469792
0.139497
0.481851
0.826055
0.744946
0.545430
0.082136
0.823117
0.061481
0.347641
0.812574
0.701551
0.630472
0.011744
0.322240
0.080816
0.450850
0.732632
0.211807
0.362563
0.414986
0.138527
0.463624
0.335728
0.546296
0.535425
0.950523
0.849682
0.769956
0.953538
0.054491
0.928952
0.963880
0.965165
0.212145
0.312064
0.615955
0.533727
0.435267
0.802933
0.794900
0.027631
0.786743
0.182081
0.243635
0.887573
0.146443
0.386561
0.787644
0.557744
0.312478
0.623935
0.894541
0.922322
0.647453
0.720558
0.644305
0.725563
0.110808
0.642098
0.813774
0.032330
0.980819
0.977523
0.428396
0.321662
0.493157
0.736994
0.316817
0.914328
0.713403
0.712710
0.177803
0.622678
0.940624
0.996970
0.555698
0.019031
0.320399
0.371322
0.320028
0.775158
0.738905
0.316965
0.979931
0.094714
0.272358
0.221515
0.729059
0.470152
0.367227
0.072217
0.849744
0.135912
0.994047
0.411882
0.297946
0.586259
0.180912
0.729767
0.810285
0.268272
0.192406
0.458074
0.465238
0.356003
0.875457
0.204557
0.470804
0.688230
0.565099
0.661411
0.143249
0.157267
0.153571
0.212329
0.609781
0.936022
0.717543
0.477525
0.035383
0.847051
0.144494
0.315743
0.982106
0.882679
0.411239
0.410268
0.783577
0.277246
0.975504
0.747781
0.032716
0.064304
0.154457
0.607711
0.990664
0.609817
0.937857
0.946977
0.391427
0.711927
0.015580
0.259810
0.958772
0.734218
0.899054
0.098897
0.147456
0.029909
0.977988
0.052548
0.014301
0.274258
0.184562
0.105574
0.609146
0.410219
0.784543
0.360842
0.788967
0.455013
0.730778
0.463277
0.283325
0.262174
0.455968
0.445622
0.315184
0.247651
0.693035
0.897835
0.921680
0.880761
0.736809
0.868997
0.450675
0.932669
0.041844
0.779082
0.130474
0.644363
0.506546
0.132142
0.858143
0.500461
0.151021
0.279314
0.558810
0.782771
0.089836
0.940714
0.110411
0.476521
0.369013
0.966189
0.755533
0.202728
0.935043
0.248677
0.778106
0.588934
0.099737
0.459769
0.646959
0.674694
0.323651
0.337980
0.175400
0.162966
0.664276
0.777096
0.688509
0.669664
0.783571
0.977156
0.380182
0.973597
0.610475
0.521267
0.682548
0.295508
0.518476
0.177921
0.909934
0.150191
0.819138
0.328824
0.924368
0.126871
0.016823
0.091604
0.964609
0.070242
0.948317
0.557329
0.182058
0.708175
0.576605
0.292395
0.008570
0.871719
0.653083
0.849376
0.395251
0.691124
0.262945
0.564059
0.490550
0.846624
0.525626
0.703999
0.428582
0.576313
0.019993
0.624952
0.772942
0.915373
0.887070
0.527472
0.404383
0.203607
0.137327
0.235400
0.444039
0.660539
0.038882
0.476767
0.636521
0.406502
0.649250
0.062766
0.795441
0.948161
0.918384
0.806944
0.527680
0.658712
0.755572
0.195254
0.818318
0.290194
0.261945
0.982137
0.821375
0.695691
0.465130
0.801992
0.487273
0.145473
0.866725
0.748020
0.707910
0.175371
0.898972
0.143685
0.506989
0.772469
0.546837
0.379377
0.367299
0.538838
0.525554
0.619791
0.362041
0.790415
0.156126
0.730554
0.119561
0.308985
0.529910
0.390070
0.146192
0.368419
0.974301
0.362455
0.264422
0.394205
0.911352
0.272139
0.030715
0.806257
0.126608
0.674838
0.970179
0.801344
0.203524
0.807557
0.425248
0.135428
0.002520
0.895448
0.045544
0.297453
0.947777
0.981283
0.480814
0.890685
0.184792
0.490289
0.014797
0.319668
0.674708
0.392228
0.527262
0.323857
0.442209
0.382666
0.608828
0.890788
0.963340
0.905931
0.806691
0.272097
0.634457
0.990400
0.725226
0.202844
0.747660
0.732219
0.680003
0.117344
0.679493
0.831084
0.980100
0.113876
0.976604
0.226615
0.983239
0.485204
0.571315
0.751578
0.300208
0.155499
0.279147
0.040024
0.002204
0.716492
0.974470
0.727588
0.996386
0.654128
0.941653
0.439475
0.270690
0.716714
0.201055
0.309534
0.063870
0.723993
0.359217
0.741707
0.206684
0.325617
0.523921
0.937020
0.355307
0.617497
0.193386
0.528365
0.118947
0.065194
0.190257
0.911010
0.090880
0.572473
0.625985
0.244482
0.664195
0.100360
0.042531
0.814515
0.181323
0.881877
0.536359
0.811145
0.320410
0.128557
0.995307
0.608487
0.267804
0.964536
0.146644
0.405331
0.925692
0.422257
0.737408
0.733837
0.206786
0.190521
0.842427
0.372588
0.999801
0.653393
0.419714
0.571338
0.327913
0.911492
0.379185
0.158473
0.264784
0.697872
0.892796
0.849518
0.703740
0.786376
0.681887
0.841165
0.992849
0.506286
0.794942
0.362933
0.332581
0.629887
0.468367
0.398549
0.842512
0.289110
0.195449
0.314145
0.438228
0.968770
0.697041
0.758297
0.318575
0.947004
0.559839
0.920805
0.930091
0.849373
0.852115
0.298958
0.205680
0.864919
0.121538
0.010907
0.299225
0.174426
0.353793
0.486317
0.841620
0.930653
0.809398
0.058524
0.562581
0.856376
0.890238
0.026902
0.164548
0.380562
0.087192
0.223549
0.144315
0.327449
0.168601
0.025052
0.710336
0.334878
0.146171
0.573003
0.051497
0.128973
0.813333
0.869272
0.368703
0.907990
0.698611
0.440361
0.542413
0.401497
0.506992
0.727122
0.598754
0.880647
0.017848
0.272296
0.730278
0.092399
0.802812
0.326860
0.126910
0.974922
0.408624
0.196946
0.240714
0.655836
0.696137
0.615886
0.101619
0.772893
0.974922
0.969615
0.955743
0.083413
0.216423
0.469561
0.314877
0.122269
0.783389
0.449476
0.822558
0.077998
0.934027
0.362250
0.048702
0.616537
0.343646
0.988101
0.444517
0.227828
0.530032
0.919794
0.364212
0.593490
0.688490
0.389016
0.279420
0.947503
0.211569
0.129049
0.955367
0.357316
0.448315
0.619749
0.804438
0.044744
0.213270
0.457263
0.834067
0.932911
0.911984
0.771299
0.690365
0.326545
0.473270
0.112185
0.292055
0.976286
0.272732
0.314651
0.065344
0.674472
0.822425
0.462387
0.842429
0.147175
0.696963
0.121661
0.998724
0.706091
0.697639
0.280724
0.943312
0.540523
0.676220
0.862220
0.508052
0.987561
0.575545
0.063085
0.686884
0.124172
0.035863
0.905025
0.662273
0.829949
0.943861
0.602276
0.960972
0.906082
0.911010
0.051301
0.238033
0.580817
0.691125
0.797146
0.845840
0.303472
0.223107
0.237161
0.784806
0.710092
0.724111
0.165511
0.852034
0.104228
0.299671
0.100557
0.098524
0.343952
0.579239
0.381225
0.358256
0.896688
0.011860
0.360378
0.090941
0.691557
0.397620
0.503875
0.120289
0.331400
0.721365
0.689066
0.216234
0.596190
0.094790
0.960975
0.208971
0.285240
0.421722
0.121549
0.035241
0.367692
0.299318
0.086739
0.177237
0.612827
0.425771
0.799567
0.485847
0.884725
0.932596
0.621999
0.003413
0.573821
0.881528
0.839473
0.409303
0.390121
0.221399
0.491801
0.315893
0.153989
0.912115
0.653805
0.925465
0.959389
0.637707
0.109325
0.172512
0.521093
0.749562
0.272540
0.846877
0.092396
0.168193
0.196583
0.130503
0.793274
0.948134
0.660800
0.208887
0.018424
0.692703
0.647331
0.177398
0.042900
0.221174
0.827124
0.841319
0.881741
0.259297
0.785333
0.757046
0.024190
0.297317
0.579698
0.664238
0.489822
0.121678
0.391981
0.604428
0.278912
0.990339
0.465528
0.463861
0.908582
0.738909
0.910997
0.684080
0.805067
0.423639
0.544140
0.006488
0.214691
0.339197
0.673025
0.179551
0.175835
0.876332
0.459939
0.379857
0.498272
0.981120
0.639840
0.937706
0.183603
0.600648
0.870061
0.200273
0.252042
0.582373
0.561872
0.820863
0.737159
0.929225
0.854522
0.344004
0.129959
0.849702
0.123024
0.293631
0.043644
0.805591
0.629185
0.469169
0.929914
0.655294
0.550352
0.687885
0.329195
0.563571
0.226873
0.042092
0.290958
0.441014
0.869263
0.856252
0.983825
0.376069
0.721721
0.019764
0.308556
0.902658
0.922860
0.025120
0.013887
0.103780
0.548169
0.389082
0.625359
0.929264
0.090220
0.555894
0.827220
0.264881
0.484262
0.526896
0.344640
0.844989
0.547768
0.351712
0.458947
0.435264
0.863464
0.106044
0.384941
0.032753
0.347835
0.886973
0.583685
0.725336
0.884060
0.619485
0.705120
0.852236
0.875398
0.137433
0.063700
0.368675
0.084130
0.878183
0.693039
0.533236
0.585605
0.716414
0.541954
0.994691
0.767235
0.189103
0.509055
0.262926
0.293202
0.467157
0.023381
0.404714
0.448148
0.872001
0.295112
0.981237
0.629447
0.695592
0.950951
0.306546
0.637640
0.119817
0.829667
0.846236
0.658946
0.748420
0.925157
0.881105
0.643862
0.713746
0.489107
0.358478
0.752116
0.614158
0.334309
0.560556
0.116369
0.656913
0.022452
0.831300
0.892499
0.920280
0.788162
0.334081
0.294064
0.529900
0.938293
0.793625
0.594985
0.819586
0.466828
0.723319
0.056899
0.058623
0.543103
0.732803
0.103918
0.779195
0.570972
0.159483
0.884791
0.469003
0.348601
0.525855
0.781532
0.679048
0.883482
0.409318
0.988734
0.963648
0.445901
0.733985
0.100033
0.759670
0.179692
0.823955
0.845757
0.371848
0.758199
0.849948
0.350233
0.328824
0.418142
0.603757
0.421328
0.078505
0.911570
0.637613
0.678605
0.616911
0.740773
0.052885
0.470471
0.428870
0.387039
0.593177
0.675663
0.560268
0.672343
0.875881
0.981208
0.381069
0.971224
0.122094
0.784555
0.115644
0.241949
0.138439
0.162586
0.885334
0.763427
0.702110
0.948296
0.079708
0.952316
0.573164
0.847480
0.929048
0.537004
0.794927
0.367681
0.314478
0.128856
0.934568
0.233760
0.799561
0.037378
0.053044
0.730688
0.921191
0.839626
0.809376
0.881140
0.712307
0.962458
0.299882
0.060981
0.298792
0.878935
0.112703
0.964737
0.215842
0.739668
0.721504
0.592742
0.287310
0.340661
0.861851
0.308865
0.082823
0.013838
0.665676
0.480112
0.129490
0.254994
0.485395
0.197739
0.852779
0.484204
0.775636
0.509356
0.018734
0.295653
0.213339
0.210635
0.066267
0.786048
0.942209
0.219473
0.550074
0.563527
0.856380
0.998713
0.753594
0.149068
0.639236
0.417188
0.962917
0.806127
0.214109
0.673463
0.595337
0.855481
0.249397
0.899402
0.816388
0.340167
0.622694
0.857244
0.333954
0.028899
0.998739
0.536150
0.164688
0.563267
0.848220
0.721271
0.666025
0.924562
0.223464
0.878070
0.344607
0.760533
0.552745
0.083185
0.694201
0.919740
0.440336
0.827820
0.689604
0.543312
0.939557
0.011541
0.225886
0.314255
0.690580
0.574757
0.903048
0.655262
0.850883
0.353356
0.978248
0.145913
0.661216
0.129906
0.826738
0.426364
0.745714
0.546007
0.456182
0.070645
0.550020
0.378613
0.259634
0.715658
0.351458
0.438783
0.069736
0.494296
0.161671
0.103160
0.571776
0.646228
0.820989
0.408945
0.217558
0.311887
0.443220
0.846384
0.727241
0.375964
0.810893
0.411499
0.934581
0.030602
0.235820
0.391942
0.924861
0.541700
0.248711
0.676357
0.861220
0.834248
0.544891
0.939600
0.812537
0.858022
0.469120
0.341323
0.482318
0.444142
0.452606
0.257866
0.149443
0.116290
0.066023
0.103385
0.459405
0.352234
0.647504
0.283879
0.455389
0.691705
0.424275
0.059913
0.281339
0.313267
0.076026
0.363550
0.033853
0.594953
0.482217
0.289815
0.616308
0.928851
0.696229
0.109643
0.471021
0.159842
0.564750
0.728551
0.151283
0.061199
0.186129
0.973162
0.767061
0.986728
0.279439
0.347028
0.071795
0.344762
0.807110
0.051627
0.915333
0.822226
0.242062
0.965676
0.399959
0.043599
0.688282
0.058890
0.258571
0.063150
0.465432
0.012366
0.132581
0.887883
0.892025
0.794813
0.390557
0.638585
0.817698
0.374485
0.050408
0.903407
0.466404
0.523248
0.077755
0.714787
0.682366
0.199090
0.256936
0.169579
0.385600
0.406981
0.093148
0.060174
0.779785
0.347376
0.004404
0.426908
0.288014
0.418399
0.185132
0.635508
0.298171
0.869297
0.662431
0.343986
0.206569
0.265700
0.440829
0.015799
0.296591
0.692846
0.371262
0.561885
0.183139
0.651943
0.560014
0.132076
0.618512
0.884975
0.667538
0.506147
0.650219
0.104568
0.049398
0.795570
0.133653
0.137752
0.648973
0.515425
0.914290
0.076816
0.117949
0.164135
0.606979
0.766772
0.150850
0.898570
0.354957
0.427231
0.103170
0.468318
0.500101
0.201682
0.392678
0.892298
0.230315
0.673933
0.791118
0.333781
0.699884
0.280626
0.469305
0.600565
0.551407
0.966923
0.894457
0.780559
0.078162
0.087404
0.321912
0.205417
0.604582
0.587742
0.006493
0.830515
0.779504
0.347393
0.112299
0.927028
0.508297
0.741130
0.187435
0.874604
0.534072
0.720207
0.516833
0.470802
0.189870
0.720638
0.738592
0.276243
0.834456
0.640786
0.547306
0.403306
0.821445
0.304991
0.579639
0.094583
0.821812
0.790406
0.966622
0.835529
0.709107
0.994394
0.476662
0.541436
0.937408
0.471166
0.455270
0.338482
0.219001
0.775425
0.477255
0.652118
0.638217
0.323286
0.862959
0.899968
0.216677
0.186630
0.743027
0.803286
0.881017
0.217441
0.836883
0.016663
0.502492
0.008342
0.784129
0.839689
0.506437
0.832519
0.341926
0.432344
0.408437
0.431401
0.317576
0.663530
0.208961
0.382619
0.780447
0.067014
0.642605
0.701705
0.325136
0.958864
0.031939
0.561825
0.014367
0.934617
0.882316
0.422564
0.963027
0.793455
0.571636
0.718080
0.107397
0.990934
0.613763
0.835228
0.573459
0.077399
0.719789
0.615687
0.394218
0.940511
0.101813
0.319962
0.748973
0.717150
0.114096
0.155310
0.780760
0.129150
0.338527
0.562493
0.270610
0.788587
0.189590
0.048937
0.828280
0.013557
0.716100
0.873931
0.562957
0.033878
0.740886
0.466222
0.163035
0.169938
0.813165
0.518534
0.014036
0.076319
0.214140
0.834915
0.881243
0.485936
0.410616
0.830064
0.705100
0.056988
0.857458
0.613867
0.459579
0.266789
0.501322
0.269483
0.840617
0.753191
0.499961
0.348796
0.673102
0.385288
0.502252
0.076374
0.516322
0.003320
0.536755
0.182007
0.472358
0.114874
0.451198
0.810310
0.633214
0.799950
0.739682
0.464978
0.291558
0.969178
0.101823
0.557779
0.019449
0.566098
0.899983
0.612930
0.716114
0.688183
0.380670
0.124111
0.290618
0.094071
0.644521
0.839620
0.373187
0.692549
0.270756
0.882065
0.436173
0.920309
0.551161
0.579006
0.422642
0.139048
0.863698
0.983248
0.844078
0.988727
0.946221
0.923412
0.147625
0.161485
0.134266
0.362132
0.167107
0.567112
0.610356
0.373874
0.066934
0.862401
0.195026
0.094721
0.832645
0.885317
0.695982
0.766364
0.054973
0.079468
0.254443
0.779980
0.484882
0.934303
0.961873
0.890077
0.265877
0.256602
0.376104
0.814055
0.494267
0.544020
0.670011
0.689733
0.517873
0.581774
0.773264
0.660230
0.163217
0.988162
0.527829
0.348385
0.812905
0.902863
0.619194
0.555662
0.345819
0.093486
0.787815
0.414996
0.983879
0.153089
0.060020
0.683399
0.786579
0.051703
0.413029
0.552631
0.323555
0.428207
0.186931
0.127709
0.607605
0.834130
0.440151
0.202513
0.168340
0.356735
0.082606
0.303126
0.117975
0.053378
0.576824
0.385839
0.583509
0.564834
0.799888
0.904753
0.366157
0.535393
0.825546
0.258701
0.216071
0.599397
0.889176
0.410196
0.459779
0.020323
0.706479
0.428684
0.349169
0.011156
0.150361
0.338209
0.254821
0.148358
0.729106
0.585978
0.744966
0.564839
0.278784
0.121463
0.557199
0.079611
0.292183
0.150362
0.633596
0.607611
0.724127
0.432759
0.999925
0.376098
0.793525
0.271319
0.290528
0.016779
0.705233
0.935372
0.280282
0.399679
0.846003
0.801851
0.813908
0.657375
0.034927
0.198602
0.492962
0.789447
0.187910
0.098890
0.020464
0.565201
0.887188
0.514325
0.073257
0.134120
0.402392
0.170742
0.080261
0.960182
0.604919
0.850717
0.797537
0.299431
0.860110
0.932158
0.697221
0.202379
0.385903
0.413726
0.362933
0.284435
0.464529
0.037241
0.044154
0.354582
0.302204
0.381718
0.588029
0.946055
0.545483
0.286152
0.937437
0.184808
0.642905
0.520352
0.748130
0.725608
0.392857
0.657255
0.821855
0.003565
0.461946
0.178422
0.653030
0.982369
0.147024
0.324669
0.104710
0.756680
0.323740
0.127450
0.357805
0.649119
0.638062
0.759623
0.401028
0.211510
0.906359
0.637801
0.028456
0.613856
0.274901
0.147355
0.534243
0.771479
0.698486
0.269626
0.440606
0.334004
0.724871
0.066401
0.273283
0.760283
0.958684
0.577445
0.224188
0.325460
0.349391
0.401243
0.744144
0.496190
0.541328
0.463786
0.174909
0.125529
0.304623
0.002186
0.819648
0.503704
0.018549
0.841780
0.472444
0.552735
0.694262
0.981885
0.316480
0.468402
0.685271
0.008236
0.993378
0.311510
0.784118
0.757885
0.784545
0.314997
0.627104
0.214768
0.385578
0.977829
0.231561
0.987478
0.620284
0.746815
0.217395
0.903151
0.772926
0.642146
0.518502
0.767357
0.809428
0.554024
0.625833
0.435059
0.146076
0.098233
0.954910
0.662759
0.513918
0.727927
0.469614
0.384128
0.492921
0.871728
0.218962
0.194952
0.829811
0.178428
0.319601
0.199649
0.642472
0.807516
0.467035
0.297825
0.347992
0.288500
0.894870
0.166428
0.808115
0.674590
0.310051
0.384574
0.591897
0.398038
0.218565
0.338728
0.356030
0.330258
0.016432
0.555802
0.595853
0.148248
0.275121
0.959089
0.126901
0.054150
0.009456
0.003904
0.277911
0.407467
0.876269
0.076261
0.478502
0.488722
0.536377
0.980501
0.430646
0.581934
0.106946
0.526363
0.782587
0.209314
0.769235
0.406388
0.721197
0.529845
0.986163
0.328099
0.393357
0.682356
0.028105
0.513492
0.633482
0.460024
0.839198
0.516109
0.976889
0.854841
0.152021
0.546726
0.496936
0.804274
0.690268
0.743904
0.231589
0.235620
0.455964
0.133092
0.235911
0.757736
0.881066
0.363751
0.680162
0.634948
0.030146
0.934855
0.895620
0.172313
0.747622
0.534972
0.683822
0.673866
0.445112
0.484445
0.054814
0.402152
0.749379
0.873292
0.411207
0.433463
0.334395
0.455955
0.779057
0.438649
0.998982
0.140435
0.833161
