0.000000E+00	0.000000E+00	-8.391900E-02
2.000000E-03	1.000000E+00	-1.466412E-01
4.000000E-03	1.000000E+00	3.447557E-01
6.000000E-03	1.000000E+00	9.457216E-01
8.000000E-03	1.000000E+00	2.075054E+00
1.000000E-02	1.000000E+00	2.507255E+00
1.200000E-02	1.000000E+00	2.265850E+00
1.400000E-02	1.000000E+00	1.948655E+00
1.600000E-02	1.000000E+00	1.780601E+00
1.800000E-02	1.000000E+00	1.761274E+00
2.000000E-02	1.000000E+00	1.826899E+00
2.200000E-02	1.000000E+00	1.894681E+00
2.400000E-02	1.000000E+00	1.921572E+00
2.600000E-02	1.000000E+00	1.914100E+00
2.800000E-02	1.000000E+00	1.895803E+00
3.000000E-02	1.000000E+00	1.883238E+00
3.200000E-02	1.000000E+00	1.880636E+00
3.400000E-02	1.000000E+00	1.884140E+00
3.600000E-02	1.000000E+00	1.888352E+00
3.800000E-02	1.000000E+00	1.890396E+00
4.000000E-02	1.000000E+00	1.890252E+00
4.200000E-02	1.000000E+00	1.889199E+00
4.400000E-02	1.000000E+00	1.888353E+00
4.600000E-02	1.000000E+00	1.888099E+00
4.800000E-02	1.000000E+00	1.888265E+00
5.000000E-02	1.000000E+00	1.888523E+00
5.200000E-02	1.000000E+00	1.888672E+00
5.400000E-02	1.000000E+00	1.888682E+00
5.600000E-02	1.000000E+00	1.888624E+00
5.800000E-02	1.000000E+00	1.888569E+00
6.000000E-02	1.000000E+00	1.888548E+00
6.200000E-02	1.000000E+00	1.888555E+00
6.400000E-02	1.000000E+00	1.888570E+00
6.600000E-02	1.000000E+00	1.888580E+00
6.800000E-02	1.000000E+00	1.888582E+00
7.000000E-02	1.000000E+00	1.888579E+00
7.200000E-02	1.000000E+00	1.888576E+00
7.400000E-02	1.000000E+00	1.888574E+00
7.600000E-02	1.000000E+00	1.888574E+00
7.800000E-02	1.000000E+00	1.888575E+00
8.000000E-02	1.000000E+00	1.888576E+00
8.200000E-02	1.000000E+00	1.888576E+00
8.400000E-02	1.000000E+00	1.888576E+00
8.600000E-02	1.000000E+00	1.888576E+00
8.800000E-02	1.000000E+00	1.888576E+00
9.000000E-02	1.000000E+00	1.888576E+00
9.200000E-02	1.000000E+00	1.888576E+00
9.400000E-02	1.000000E+00	1.888576E+00
9.600000E-02	1.000000E+00	1.888576E+00
9.800000E-02	1.000000E+00	1.888576E+00
1.000000E-01	1.000000E+00	1.888576E+00
1.020000E-01	1.000000E+00	1.888576E+00
1.040000E-01	1.000000E+00	1.888576E+00
1.060000E-01	1.000000E+00	1.888576E+00
1.080000E-01	1.000000E+00	1.888576E+00
1.100000E-01	1.000000E+00	1.888576E+00
1.120000E-01	1.000000E+00	1.888576E+00
1.140000E-01	1.000000E+00	1.888576E+00
1.160000E-01	1.000000E+00	1.888576E+00
1.180000E-01	1.000000E+00	1.888576E+00
1.200000E-01	1.000000E+00	1.888576E+00
1.220000E-01	1.000000E+00	1.888576E+00
1.240000E-01	1.000000E+00	1.888576E+00
1.260000E-01	1.000000E+00	1.888576E+00
1.280000E-01	1.000000E+00	1.888576E+00
1.300000E-01	1.000000E+00	1.888576E+00
1.320000E-01	1.000000E+00	1.888576E+00
1.340000E-01	1.000000E+00	1.888576E+00
1.360000E-01	1.000000E+00	1.888576E+00
1.380000E-01	1.000000E+00	1.888576E+00
1.400000E-01	1.000000E+00	1.888576E+00
1.420000E-01	1.000000E+00	1.888576E+00
1.440000E-01	1.000000E+00	1.888576E+00
1.460000E-01	1.000000E+00	1.888576E+00
1.480000E-01	1.000000E+00	1.888576E+00
1.500000E-01	1.000000E+00	1.888576E+00
1.520000E-01	1.000000E+00	1.888576E+00
1.540000E-01	1.000000E+00	1.888576E+00
1.560000E-01	1.000000E+00	1.888576E+00
1.580000E-01	1.000000E+00	1.888576E+00
1.600000E-01	1.000000E+00	1.888576E+00
1.620000E-01	1.000000E+00	1.888576E+00
1.640000E-01	1.000000E+00	1.888576E+00
1.660000E-01	1.000000E+00	1.888576E+00
1.680000E-01	1.000000E+00	1.888576E+00
1.700000E-01	1.000000E+00	1.888576E+00
1.720000E-01	1.000000E+00	1.888576E+00
1.740000E-01	1.000000E+00	1.888576E+00
1.760000E-01	1.000000E+00	1.888576E+00
1.780000E-01	1.000000E+00	1.888576E+00
1.800000E-01	1.000000E+00	1.888576E+00
1.820000E-01	1.000000E+00	1.888576E+00
1.840000E-01	1.000000E+00	1.888576E+00
1.860000E-01	1.000000E+00	1.888576E+00
1.880000E-01	1.000000E+00	1.888576E+00
1.900000E-01	1.000000E+00	1.888576E+00
1.920000E-01	1.000000E+00	1.888576E+00
1.940000E-01	1.000000E+00	1.888576E+00
1.960000E-01	1.000000E+00	1.888576E+00
1.980000E-01	1.000000E+00	1.888576E+00
2.000000E-01	1.000000E+00	1.888576E+00
2.020000E-01	1.000000E+00	1.888576E+00
2.040000E-01	1.000000E+00	1.888576E+00
2.060000E-01	1.000000E+00	1.888576E+00
2.080000E-01	1.000000E+00	1.888576E+00
2.100000E-01	1.000000E+00	1.888576E+00
2.120000E-01	1.000000E+00	1.888576E+00
2.140000E-01	1.000000E+00	1.888576E+00
2.160000E-01	1.000000E+00	1.888576E+00
2.180000E-01	1.000000E+00	1.888576E+00
2.200000E-01	1.000000E+00	1.888576E+00
2.220000E-01	1.000000E+00	1.888576E+00
2.240000E-01	1.000000E+00	1.888576E+00
2.260000E-01	1.000000E+00	1.888576E+00
2.280000E-01	1.000000E+00	1.888576E+00
2.300000E-01	1.000000E+00	1.888576E+00
2.320000E-01	1.000000E+00	1.888576E+00
2.340000E-01	1.000000E+00	1.888576E+00
2.360000E-01	1.000000E+00	1.888576E+00
2.380000E-01	1.000000E+00	1.888576E+00
2.400000E-01	1.000000E+00	1.888576E+00
2.420000E-01	1.000000E+00	1.888576E+00
2.440000E-01	1.000000E+00	1.888576E+00
2.460000E-01	1.000000E+00	1.888576E+00
2.480000E-01	1.000000E+00	1.888576E+00
2.500000E-01	1.000000E+00	1.888576E+00
2.520000E-01	1.000000E+00	1.888576E+00
2.540000E-01	1.000000E+00	1.888576E+00
2.560000E-01	1.000000E+00	1.888576E+00
2.580000E-01	1.000000E+00	1.888576E+00
2.600000E-01	1.000000E+00	1.888576E+00
2.620000E-01	1.000000E+00	1.888576E+00
2.640000E-01	1.000000E+00	1.888576E+00
2.660000E-01	1.000000E+00	1.888576E+00
2.680000E-01	1.000000E+00	1.888576E+00
2.700000E-01	1.000000E+00	1.888576E+00
2.720000E-01	1.000000E+00	1.888576E+00
2.740000E-01	1.000000E+00	1.888576E+00
2.760000E-01	1.000000E+00	1.888576E+00
2.780000E-01	1.000000E+00	1.888576E+00
2.800000E-01	1.000000E+00	1.888576E+00
2.820000E-01	1.000000E+00	1.888576E+00
2.840000E-01	1.000000E+00	1.888576E+00
2.860000E-01	1.000000E+00	1.888576E+00
2.880000E-01	1.000000E+00	1.888576E+00
2.900000E-01	1.000000E+00	1.888576E+00
2.920000E-01	1.000000E+00	1.888576E+00
2.940000E-01	1.000000E+00	1.888576E+00
2.960000E-01	1.000000E+00	1.888576E+00
2.980000E-01	1.000000E+00	1.888576E+00
3.000000E-01	1.000000E+00	1.888576E+00
3.020000E-01	1.000000E+00	1.888576E+00
3.040000E-01	1.000000E+00	1.888576E+00
3.060000E-01	1.000000E+00	1.888576E+00
3.080000E-01	1.000000E+00	1.888576E+00
3.100000E-01	1.000000E+00	1.888576E+00
3.120000E-01	1.000000E+00	1.888576E+00
3.140000E-01	1.000000E+00	1.888576E+00
3.160000E-01	1.000000E+00	1.888576E+00
3.180000E-01	1.000000E+00	1.888576E+00
3.200000E-01	1.000000E+00	1.888576E+00
3.220000E-01	1.000000E+00	1.888576E+00
3.240000E-01	1.000000E+00	1.888576E+00
3.260000E-01	1.000000E+00	1.888576E+00
3.280000E-01	1.000000E+00	1.888576E+00
3.300000E-01	1.000000E+00	1.888576E+00
3.320000E-01	1.000000E+00	1.888576E+00
3.340000E-01	1.000000E+00	1.888576E+00
3.360000E-01	1.000000E+00	1.888576E+00
3.380000E-01	1.000000E+00	1.888576E+00
3.400000E-01	1.000000E+00	1.888576E+00
3.420000E-01	1.000000E+00	1.888576E+00
3.440000E-01	1.000000E+00	1.888576E+00
3.460000E-01	1.000000E+00	1.888576E+00
3.480000E-01	1.000000E+00	1.888576E+00
3.500000E-01	1.000000E+00	1.888576E+00
3.520000E-01	1.000000E+00	1.888576E+00
3.540000E-01	1.000000E+00	1.888576E+00
3.560000E-01	1.000000E+00	1.888576E+00
3.580000E-01	1.000000E+00	1.888576E+00
3.600000E-01	1.000000E+00	1.888576E+00
3.620000E-01	1.000000E+00	1.888576E+00
3.640000E-01	1.000000E+00	1.888576E+00
3.660000E-01	1.000000E+00	1.888576E+00
3.680000E-01	1.000000E+00	1.888576E+00
3.700000E-01	1.000000E+00	1.888576E+00
3.720000E-01	1.000000E+00	1.888576E+00
3.740000E-01	1.000000E+00	1.888576E+00
3.760000E-01	1.000000E+00	1.888576E+00
3.780000E-01	1.000000E+00	1.888576E+00
3.800000E-01	1.000000E+00	1.888576E+00
3.820000E-01	1.000000E+00	1.888576E+00
3.840000E-01	1.000000E+00	1.888576E+00
3.860000E-01	1.000000E+00	1.888576E+00
3.880000E-01	1.000000E+00	1.888576E+00
3.900000E-01	1.000000E+00	1.888576E+00
3.920000E-01	1.000000E+00	1.888576E+00
3.940000E-01	1.000000E+00	1.888576E+00
3.960000E-01	1.000000E+00	1.888576E+00
3.980000E-01	1.000000E+00	1.888576E+00
4.000000E-01	1.000000E+00	1.888576E+00
4.020000E-01	1.000000E+00	1.888576E+00
4.040000E-01	1.000000E+00	1.888576E+00
4.060000E-01	1.000000E+00	1.888576E+00
4.080000E-01	1.000000E+00	1.888576E+00
4.100000E-01	1.000000E+00	1.888576E+00
4.120000E-01	1.000000E+00	1.888576E+00
4.140000E-01	1.000000E+00	1.888576E+00
4.160000E-01	1.000000E+00	1.888576E+00
4.180000E-01	1.000000E+00	1.888576E+00
4.200000E-01	1.000000E+00	1.888576E+00
4.220000E-01	1.000000E+00	1.888576E+00
4.240000E-01	1.000000E+00	1.888576E+00
4.260000E-01	1.000000E+00	1.888576E+00
4.280000E-01	1.000000E+00	1.888576E+00
4.300000E-01	1.000000E+00	1.888576E+00
4.320000E-01	1.000000E+00	1.888576E+00
4.340000E-01	1.000000E+00	1.888576E+00
4.360000E-01	1.000000E+00	1.888576E+00
4.380000E-01	1.000000E+00	1.888576E+00
4.400000E-01	1.000000E+00	1.888576E+00
4.420000E-01	1.000000E+00	1.888576E+00
4.440000E-01	1.000000E+00	1.888576E+00
4.460000E-01	1.000000E+00	1.888576E+00
4.480000E-01	1.000000E+00	1.888576E+00
4.500000E-01	1.000000E+00	1.888576E+00
4.520000E-01	1.000000E+00	1.888576E+00
4.540000E-01	1.000000E+00	1.888576E+00
4.560000E-01	1.000000E+00	1.888576E+00
4.580000E-01	1.000000E+00	1.888576E+00
4.600000E-01	1.000000E+00	1.888576E+00
4.620000E-01	1.000000E+00	1.888576E+00
4.640000E-01	1.000000E+00	1.888576E+00
4.660000E-01	1.000000E+00	1.888576E+00
4.680000E-01	1.000000E+00	1.888576E+00
4.700000E-01	1.000000E+00	1.888576E+00
4.720000E-01	1.000000E+00	1.888576E+00
4.740000E-01	1.000000E+00	1.888576E+00
4.760000E-01	1.000000E+00	1.888576E+00
4.780000E-01	1.000000E+00	1.888576E+00
4.800000E-01	1.000000E+00	1.888576E+00
4.820000E-01	1.000000E+00	1.888576E+00
4.840000E-01	1.000000E+00	1.888576E+00
4.860000E-01	1.000000E+00	1.888576E+00
4.880000E-01	1.000000E+00	1.888576E+00
4.900000E-01	1.000000E+00	1.888576E+00
4.920000E-01	1.000000E+00	1.888576E+00
4.940000E-01	1.000000E+00	1.888576E+00
4.960000E-01	1.000000E+00	1.888576E+00
4.980000E-01	1.000000E+00	1.888576E+00
5.000000E-01	1.000000E+00	1.888576E+00
5.020000E-01	1.000000E+00	1.888576E+00
5.040000E-01	1.000000E+00	1.888576E+00
5.060000E-01	1.000000E+00	1.888576E+00
5.080000E-01	1.000000E+00	1.888576E+00
5.100000E-01	1.000000E+00	1.888576E+00
5.120000E-01	1.000000E+00	1.888576E+00
5.140000E-01	1.000000E+00	1.888576E+00
5.160000E-01	1.000000E+00	1.888576E+00
5.180000E-01	1.000000E+00	1.888576E+00
5.200000E-01	1.000000E+00	1.888576E+00
5.220000E-01	1.000000E+00	1.888576E+00
5.240000E-01	1.000000E+00	1.888576E+00
5.260000E-01	1.000000E+00	1.888576E+00
5.280000E-01	1.000000E+00	1.888576E+00
5.300000E-01	1.000000E+00	1.888576E+00
5.320000E-01	1.000000E+00	1.888576E+00
5.340000E-01	1.000000E+00	1.888576E+00
5.360000E-01	1.000000E+00	1.888576E+00
5.380000E-01	1.000000E+00	1.888576E+00
5.400000E-01	1.000000E+00	1.888576E+00
5.420000E-01	1.000000E+00	1.888576E+00
5.440000E-01	1.000000E+00	1.888576E+00
5.460000E-01	1.000000E+00	1.888576E+00
5.480000E-01	1.000000E+00	1.888576E+00
5.500000E-01	1.000000E+00	1.888576E+00
5.520000E-01	1.000000E+00	1.888576E+00
5.540000E-01	1.000000E+00	1.888576E+00
5.560000E-01	1.000000E+00	1.888576E+00
5.580000E-01	1.000000E+00	1.888576E+00
5.600000E-01	1.000000E+00	1.888576E+00
5.620000E-01	1.000000E+00	1.888576E+00
5.640000E-01	1.000000E+00	1.888576E+00
5.660000E-01	1.000000E+00	1.888576E+00
5.680000E-01	1.000000E+00	1.888576E+00
5.700000E-01	1.000000E+00	1.888576E+00
5.720000E-01	1.000000E+00	1.888576E+00
5.740000E-01	1.000000E+00	1.888576E+00
5.760000E-01	1.000000E+00	1.888576E+00
5.780000E-01	1.000000E+00	1.888576E+00
5.800000E-01	1.000000E+00	1.888576E+00
5.820000E-01	1.000000E+00	1.888576E+00
5.840000E-01	1.000000E+00	1.888576E+00
5.860000E-01	1.000000E+00	1.888576E+00
5.880000E-01	1.000000E+00	1.888576E+00
5.900000E-01	1.000000E+00	1.888576E+00
5.920000E-01	1.000000E+00	1.888576E+00
5.940000E-01	1.000000E+00	1.888576E+00
5.960000E-01	1.000000E+00	1.888576E+00
5.980000E-01	1.000000E+00	1.888576E+00
6.000000E-01	1.000000E+00	1.888576E+00
6.020000E-01	1.000000E+00	1.888576E+00
6.040000E-01	1.000000E+00	1.888576E+00
6.060000E-01	1.000000E+00	1.888576E+00
6.080000E-01	1.000000E+00	1.888576E+00
6.100000E-01	1.000000E+00	1.888576E+00
6.120000E-01	1.000000E+00	1.888576E+00
6.140000E-01	1.000000E+00	1.888576E+00
6.160000E-01	1.000000E+00	1.888576E+00
6.180000E-01	1.000000E+00	1.888576E+00
6.200000E-01	1.000000E+00	1.888576E+00
6.220000E-01	1.000000E+00	1.888576E+00
6.240000E-01	1.000000E+00	1.888576E+00
6.260000E-01	1.000000E+00	1.888576E+00
6.280000E-01	1.000000E+00	1.888576E+00
6.300000E-01	1.000000E+00	1.888576E+00
6.320000E-01	1.000000E+00	1.888576E+00
6.340000E-01	1.000000E+00	1.888576E+00
6.360000E-01	1.000000E+00	1.888576E+00
6.380000E-01	1.000000E+00	1.888576E+00
6.400000E-01	1.000000E+00	1.888576E+00
6.420000E-01	1.000000E+00	1.888576E+00
6.440000E-01	1.000000E+00	1.888576E+00
6.460000E-01	1.000000E+00	1.888576E+00
6.480000E-01	1.000000E+00	1.888576E+00
6.500000E-01	1.000000E+00	1.888576E+00
6.520000E-01	1.000000E+00	1.888576E+00
6.540000E-01	1.000000E+00	1.888576E+00
6.560000E-01	1.000000E+00	1.888576E+00
6.580000E-01	1.000000E+00	1.888576E+00
6.600000E-01	1.000000E+00	1.888576E+00
6.620000E-01	1.000000E+00	1.888576E+00
6.640000E-01	1.000000E+00	1.888576E+00
6.660000E-01	1.000000E+00	1.888576E+00
6.680000E-01	1.000000E+00	1.888576E+00
6.700000E-01	1.000000E+00	1.888576E+00
6.720000E-01	1.000000E+00	1.888576E+00
6.740000E-01	1.000000E+00	1.888576E+00
6.760000E-01	1.000000E+00	1.888576E+00
6.780000E-01	1.000000E+00	1.888576E+00
6.800000E-01	1.000000E+00	1.888576E+00
6.820000E-01	1.000000E+00	1.888576E+00
6.840000E-01	1.000000E+00	1.888576E+00
6.860000E-01	1.000000E+00	1.888576E+00
6.880000E-01	1.000000E+00	1.888576E+00
6.900000E-01	1.000000E+00	1.888576E+00
6.920000E-01	1.000000E+00	1.888576E+00
6.940000E-01	1.000000E+00	1.888576E+00
6.960000E-01	1.000000E+00	1.888576E+00
6.980000E-01	1.000000E+00	1.888576E+00
7.000000E-01	1.000000E+00	1.888576E+00
7.020000E-01	1.000000E+00	1.888576E+00
7.040000E-01	1.000000E+00	1.888576E+00
7.060000E-01	1.000000E+00	1.888576E+00
7.080000E-01	1.000000E+00	1.888576E+00
7.100000E-01	1.000000E+00	1.888576E+00
7.120000E-01	1.000000E+00	1.888576E+00
7.140000E-01	1.000000E+00	1.888576E+00
7.160000E-01	1.000000E+00	1.888576E+00
7.180000E-01	1.000000E+00	1.888576E+00
7.200000E-01	1.000000E+00	1.888576E+00
7.220000E-01	1.000000E+00	1.888576E+00
7.240000E-01	1.000000E+00	1.888576E+00
7.260000E-01	1.000000E+00	1.888576E+00
7.280000E-01	1.000000E+00	1.888576E+00
7.300000E-01	1.000000E+00	1.888576E+00
7.320000E-01	1.000000E+00	1.888576E+00
7.340000E-01	1.000000E+00	1.888576E+00
7.360000E-01	1.000000E+00	1.888576E+00
7.380000E-01	1.000000E+00	1.888576E+00
7.400000E-01	1.000000E+00	1.888576E+00
7.420000E-01	1.000000E+00	1.888576E+00
7.440000E-01	1.000000E+00	1.888576E+00
7.460000E-01	1.000000E+00	1.888576E+00
7.480000E-01	1.000000E+00	1.888576E+00
7.500000E-01	1.000000E+00	1.888576E+00
7.520000E-01	1.000000E+00	1.888576E+00
7.540000E-01	1.000000E+00	1.888576E+00
7.560000E-01	1.000000E+00	1.888576E+00
7.580000E-01	1.000000E+00	1.888576E+00
7.600000E-01	1.000000E+00	1.888576E+00
7.620000E-01	1.000000E+00	1.888576E+00
7.640000E-01	1.000000E+00	1.888576E+00
7.660000E-01	1.000000E+00	1.888576E+00
7.680000E-01	1.000000E+00	1.888576E+00
7.700000E-01	1.000000E+00	1.888576E+00
7.720000E-01	1.000000E+00	1.888576E+00
7.740000E-01	1.000000E+00	1.888576E+00
7.760000E-01	1.000000E+00	1.888576E+00
7.780000E-01	1.000000E+00	1.888576E+00
7.800000E-01	1.000000E+00	1.888576E+00
7.820000E-01	1.000000E+00	1.888576E+00
7.840000E-01	1.000000E+00	1.888576E+00
7.860000E-01	1.000000E+00	1.888576E+00
7.880000E-01	1.000000E+00	1.888576E+00
7.900000E-01	1.000000E+00	1.888576E+00
7.920000E-01	1.000000E+00	1.888576E+00
7.940000E-01	1.000000E+00	1.888576E+00
7.960000E-01	1.000000E+00	1.888576E+00
7.980000E-01	1.000000E+00	1.888576E+00
8.000000E-01	1.000000E+00	1.888576E+00
8.020000E-01	1.000000E+00	1.888576E+00
8.040000E-01	1.000000E+00	1.888576E+00
8.060000E-01	1.000000E+00	1.888576E+00
8.080000E-01	1.000000E+00	1.888576E+00
8.100000E-01	1.000000E+00	1.888576E+00
8.120000E-01	1.000000E+00	1.888576E+00
8.140000E-01	1.000000E+00	1.888576E+00
8.160000E-01	1.000000E+00	1.888576E+00
8.180000E-01	1.000000E+00	1.888576E+00
8.200000E-01	1.000000E+00	1.888576E+00
8.220000E-01	1.000000E+00	1.888576E+00
8.240000E-01	1.000000E+00	1.888576E+00
8.260000E-01	1.000000E+00	1.888576E+00
8.280000E-01	1.000000E+00	1.888576E+00
8.300000E-01	1.000000E+00	1.888576E+00
8.320000E-01	1.000000E+00	1.888576E+00
8.340000E-01	1.000000E+00	1.888576E+00
8.360000E-01	1.000000E+00	1.888576E+00
8.380000E-01	1.000000E+00	1.888576E+00
8.400000E-01	1.000000E+00	1.888576E+00
8.420000E-01	1.000000E+00	1.888576E+00
8.440000E-01	1.000000E+00	1.888576E+00
8.460000E-01	1.000000E+00	1.888576E+00
8.480000E-01	1.000000E+00	1.888576E+00
8.500000E-01	1.000000E+00	1.888576E+00
8.520000E-01	1.000000E+00	1.888576E+00
8.540000E-01	1.000000E+00	1.888576E+00
8.560000E-01	1.000000E+00	1.888576E+00
8.580000E-01	1.000000E+00	1.888576E+00
8.600000E-01	1.000000E+00	1.888576E+00
8.620000E-01	1.000000E+00	1.888576E+00
8.640000E-01	1.000000E+00	1.888576E+00
8.660000E-01	1.000000E+00	1.888576E+00
8.680000E-01	1.000000E+00	1.888576E+00
8.700000E-01	1.000000E+00	1.888576E+00
8.720000E-01	1.000000E+00	1.888576E+00
8.740000E-01	1.000000E+00	1.888576E+00
8.760000E-01	1.000000E+00	1.888576E+00
8.780000E-01	1.000000E+00	1.888576E+00
8.800000E-01	1.000000E+00	1.888576E+00
8.820000E-01	1.000000E+00	1.888576E+00
8.840000E-01	1.000000E+00	1.888576E+00
8.860000E-01	1.000000E+00	1.888576E+00
8.880000E-01	1.000000E+00	1.888576E+00
8.900000E-01	1.000000E+00	1.888576E+00
8.920000E-01	1.000000E+00	1.888576E+00
8.940000E-01	1.000000E+00	1.888576E+00
8.960000E-01	1.000000E+00	1.888576E+00
8.980000E-01	1.000000E+00	1.888576E+00
9.000000E-01	1.000000E+00	1.888576E+00
9.020000E-01	1.000000E+00	1.888576E+00
9.040000E-01	1.000000E+00	1.888576E+00
9.060000E-01	1.000000E+00	1.888576E+00
9.080000E-01	1.000000E+00	1.888576E+00
9.100000E-01	1.000000E+00	1.888576E+00
9.120000E-01	1.000000E+00	1.888576E+00
9.140000E-01	1.000000E+00	1.888576E+00
9.160000E-01	1.000000E+00	1.888576E+00
9.180000E-01	1.000000E+00	1.888576E+00
9.200000E-01	1.000000E+00	1.888576E+00
9.220000E-01	1.000000E+00	1.888576E+00
9.240000E-01	1.000000E+00	1.888576E+00
9.260000E-01	1.000000E+00	1.888576E+00
9.280000E-01	1.000000E+00	1.888576E+00
9.300000E-01	1.000000E+00	1.888576E+00
9.320000E-01	1.000000E+00	1.888576E+00
9.340000E-01	1.000000E+00	1.888576E+00
9.360000E-01	1.000000E+00	1.888576E+00
9.380000E-01	1.000000E+00	1.888576E+00
9.400000E-01	1.000000E+00	1.888576E+00
9.420000E-01	1.000000E+00	1.888576E+00
9.440000E-01	1.000000E+00	1.888576E+00
9.460000E-01	1.000000E+00	1.888576E+00
9.480000E-01	1.000000E+00	1.888576E+00
9.500000E-01	1.000000E+00	1.888576E+00
9.520000E-01	1.000000E+00	1.888576E+00
9.540000E-01	1.000000E+00	1.888576E+00
9.560000E-01	1.000000E+00	1.888576E+00
9.580000E-01	1.000000E+00	1.888576E+00
9.600000E-01	1.000000E+00	1.888576E+00
9.620000E-01	1.000000E+00	1.888576E+00
9.640000E-01	1.000000E+00	1.888576E+00
9.660000E-01	1.000000E+00	1.888576E+00
9.680000E-01	1.000000E+00	1.888576E+00
9.700000E-01	1.000000E+00	1.888576E+00
9.720000E-01	1.000000E+00	1.888576E+00
9.740000E-01	1.000000E+00	1.888576E+00
9.760000E-01	1.000000E+00	1.888576E+00
9.780000E-01	1.000000E+00	1.888576E+00
9.800000E-01	1.000000E+00	1.888576E+00
9.820000E-01	1.000000E+00	1.888576E+00
9.840000E-01	1.000000E+00	1.888576E+00
9.860000E-01	1.000000E+00	1.888576E+00
9.880000E-01	1.000000E+00	1.888576E+00
9.900000E-01	1.000000E+00	1.888576E+00
9.920000E-01	1.000000E+00	1.888576E+00
9.940000E-01	1.000000E+00	1.888576E+00
9.960000E-01	1.000000E+00	1.888576E+00
9.980000E-01	1.000000E+00	1.888576E+00
1.000000E+00	1.000000E+00	1.888576E+00
1.002000E+00	1.000000E+00	1.888576E+00
1.004000E+00	1.000000E+00	1.888576E+00
1.006000E+00	1.000000E+00	1.888576E+00
1.008000E+00	1.000000E+00	1.888576E+00
1.010000E+00	1.000000E+00	1.888576E+00
1.012000E+00	1.000000E+00	1.888576E+00
1.014000E+00	1.000000E+00	1.888576E+00
1.016000E+00	1.000000E+00	1.888576E+00
1.018000E+00	1.000000E+00	1.888576E+00
1.020000E+00	1.000000E+00	1.888576E+00
1.022000E+00	1.000000E+00	1.888576E+00
1.024000E+00	1.000000E+00	1.888576E+00
1.026000E+00	1.000000E+00	1.888576E+00
1.028000E+00	1.000000E+00	1.888576E+00
1.030000E+00	1.000000E+00	1.888576E+00
1.032000E+00	1.000000E+00	1.888576E+00
1.034000E+00	1.000000E+00	1.888576E+00
1.036000E+00	1.000000E+00	1.888576E+00
1.038000E+00	1.000000E+00	1.888576E+00
1.040000E+00	1.000000E+00	1.888576E+00
1.042000E+00	1.000000E+00	1.888576E+00
1.044000E+00	1.000000E+00	1.888576E+00
1.046000E+00	1.000000E+00	1.888576E+00
1.048000E+00	1.000000E+00	1.888576E+00
1.050000E+00	1.000000E+00	1.888576E+00
1.052000E+00	1.000000E+00	1.888576E+00
1.054000E+00	1.000000E+00	1.888576E+00
1.056000E+00	1.000000E+00	1.888576E+00
1.058000E+00	1.000000E+00	1.888576E+00
1.060000E+00	1.000000E+00	1.888576E+00
1.062000E+00	1.000000E+00	1.888576E+00
1.064000E+00	1.000000E+00	1.888576E+00
1.066000E+00	1.000000E+00	1.888576E+00
1.068000E+00	1.000000E+00	1.888576E+00
1.070000E+00	1.000000E+00	1.888576E+00
1.072000E+00	1.000000E+00	1.888576E+00
1.074000E+00	1.000000E+00	1.888576E+00
1.076000E+00	1.000000E+00	1.888576E+00
1.078000E+00	1.000000E+00	1.888576E+00
1.080000E+00	1.000000E+00	1.888576E+00
1.082000E+00	1.000000E+00	1.888576E+00
1.084000E+00	1.000000E+00	1.888576E+00
1.086000E+00	1.000000E+00	1.888576E+00
1.088000E+00	1.000000E+00	1.888576E+00
1.090000E+00	1.000000E+00	1.888576E+00
1.092000E+00	1.000000E+00	1.888576E+00
1.094000E+00	1.000000E+00	1.888576E+00
1.096000E+00	1.000000E+00	1.888576E+00
1.098000E+00	1.000000E+00	1.888576E+00
1.100000E+00	1.000000E+00	1.888576E+00
1.102000E+00	1.000000E+00	1.888576E+00
1.104000E+00	1.000000E+00	1.888576E+00
1.106000E+00	1.000000E+00	1.888576E+00
1.108000E+00	1.000000E+00	1.888576E+00
1.110000E+00	1.000000E+00	1.888576E+00
1.112000E+00	1.000000E+00	1.888576E+00
1.114000E+00	1.000000E+00	1.888576E+00
1.116000E+00	1.000000E+00	1.888576E+00
1.118000E+00	1.000000E+00	1.888576E+00
1.120000E+00	1.000000E+00	1.888576E+00
1.122000E+00	1.000000E+00	1.888576E+00
1.124000E+00	1.000000E+00	1.888576E+00
1.126000E+00	1.000000E+00	1.888576E+00
1.128000E+00	1.000000E+00	1.888576E+00
1.130000E+00	1.000000E+00	1.888576E+00
1.132000E+00	1.000000E+00	1.888576E+00
1.134000E+00	1.000000E+00	1.888576E+00
1.136000E+00	1.000000E+00	1.888576E+00
1.138000E+00	1.000000E+00	1.888576E+00
1.140000E+00	1.000000E+00	1.888576E+00
1.142000E+00	1.000000E+00	1.888576E+00
1.144000E+00	1.000000E+00	1.888576E+00
1.146000E+00	1.000000E+00	1.888576E+00
1.148000E+00	1.000000E+00	1.888576E+00
1.150000E+00	1.000000E+00	1.888576E+00
1.152000E+00	1.000000E+00	1.888576E+00
1.154000E+00	1.000000E+00	1.888576E+00
1.156000E+00	1.000000E+00	1.888576E+00
1.158000E+00	1.000000E+00	1.888576E+00
1.160000E+00	1.000000E+00	1.888576E+00
1.162000E+00	1.000000E+00	1.888576E+00
1.164000E+00	1.000000E+00	1.888576E+00
1.166000E+00	1.000000E+00	1.888576E+00
1.168000E+00	1.000000E+00	1.888576E+00
1.170000E+00	1.000000E+00	1.888576E+00
1.172000E+00	1.000000E+00	1.888576E+00
1.174000E+00	1.000000E+00	1.888576E+00
1.176000E+00	1.000000E+00	1.888576E+00
1.178000E+00	1.000000E+00	1.888576E+00
1.180000E+00	1.000000E+00	1.888576E+00
1.182000E+00	1.000000E+00	1.888576E+00
1.184000E+00	1.000000E+00	1.888576E+00
1.186000E+00	1.000000E+00	1.888576E+00
1.188000E+00	1.000000E+00	1.888576E+00
1.190000E+00	1.000000E+00	1.888576E+00
1.192000E+00	1.000000E+00	1.888576E+00
1.194000E+00	1.000000E+00	1.888576E+00
1.196000E+00	1.000000E+00	1.888576E+00
1.198000E+00	1.000000E+00	1.888576E+00
1.200000E+00	1.000000E+00	1.888576E+00
1.202000E+00	1.000000E+00	1.888576E+00
1.204000E+00	1.000000E+00	1.888576E+00
1.206000E+00	1.000000E+00	1.888576E+00
1.208000E+00	1.000000E+00	1.888576E+00
1.210000E+00	1.000000E+00	1.888576E+00
1.212000E+00	1.000000E+00	1.888576E+00
1.214000E+00	1.000000E+00	1.888576E+00
1.216000E+00	1.000000E+00	1.888576E+00
1.218000E+00	1.000000E+00	1.888576E+00
1.220000E+00	1.000000E+00	1.888576E+00
1.222000E+00	1.000000E+00	1.888576E+00
1.224000E+00	1.000000E+00	1.888576E+00
1.226000E+00	1.000000E+00	1.888576E+00
1.228000E+00	1.000000E+00	1.888576E+00
1.230000E+00	1.000000E+00	1.888576E+00
1.232000E+00	1.000000E+00	1.888576E+00
1.234000E+00	1.000000E+00	1.888576E+00
1.236000E+00	1.000000E+00	1.888576E+00
1.238000E+00	1.000000E+00	1.888576E+00
1.240000E+00	1.000000E+00	1.888576E+00
1.242000E+00	1.000000E+00	1.888576E+00
1.244000E+00	1.000000E+00	1.888576E+00
1.246000E+00	1.000000E+00	1.888576E+00
1.248000E+00	1.000000E+00	1.888576E+00
1.250000E+00	1.000000E+00	1.888576E+00
1.252000E+00	1.000000E+00	1.888576E+00
1.254000E+00	1.000000E+00	1.888576E+00
1.256000E+00	1.000000E+00	1.888576E+00
1.258000E+00	1.000000E+00	1.888576E+00
1.260000E+00	1.000000E+00	1.888576E+00
1.262000E+00	1.000000E+00	1.888576E+00
1.264000E+00	1.000000E+00	1.888576E+00
1.266000E+00	1.000000E+00	1.888576E+00
1.268000E+00	1.000000E+00	1.888576E+00
1.270000E+00	1.000000E+00	1.888576E+00
1.272000E+00	1.000000E+00	1.888576E+00
1.274000E+00	1.000000E+00	1.888576E+00
1.276000E+00	1.000000E+00	1.888576E+00
1.278000E+00	1.000000E+00	1.888576E+00
1.280000E+00	1.000000E+00	1.888576E+00
1.282000E+00	1.000000E+00	1.888576E+00
1.284000E+00	1.000000E+00	1.888576E+00
1.286000E+00	1.000000E+00	1.888576E+00
1.288000E+00	1.000000E+00	1.888576E+00
1.290000E+00	1.000000E+00	1.888576E+00
1.292000E+00	1.000000E+00	1.888576E+00
1.294000E+00	1.000000E+00	1.888576E+00
1.296000E+00	1.000000E+00	1.888576E+00
1.298000E+00	1.000000E+00	1.888576E+00
1.300000E+00	1.000000E+00	1.888576E+00
1.302000E+00	1.000000E+00	1.888576E+00
1.304000E+00	1.000000E+00	1.888576E+00
1.306000E+00	1.000000E+00	1.888576E+00
1.308000E+00	1.000000E+00	1.888576E+00
1.310000E+00	1.000000E+00	1.888576E+00
1.312000E+00	1.000000E+00	1.888576E+00
1.314000E+00	1.000000E+00	1.888576E+00
1.316000E+00	1.000000E+00	1.888576E+00
1.318000E+00	1.000000E+00	1.888576E+00
1.320000E+00	1.000000E+00	1.888576E+00
1.322000E+00	1.000000E+00	1.888576E+00
1.324000E+00	1.000000E+00	1.888576E+00
1.326000E+00	1.000000E+00	1.888576E+00
1.328000E+00	1.000000E+00	1.888576E+00
1.330000E+00	1.000000E+00	1.888576E+00
1.332000E+00	1.000000E+00	1.888576E+00
1.334000E+00	1.000000E+00	1.888576E+00
1.336000E+00	1.000000E+00	1.888576E+00
1.338000E+00	1.000000E+00	1.888576E+00
1.340000E+00	1.000000E+00	1.888576E+00
1.342000E+00	1.000000E+00	1.888576E+00
1.344000E+00	1.000000E+00	1.888576E+00
1.346000E+00	1.000000E+00	1.888576E+00
1.348000E+00	1.000000E+00	1.888576E+00
1.350000E+00	1.000000E+00	1.888576E+00
1.352000E+00	1.000000E+00	1.888576E+00
1.354000E+00	1.000000E+00	1.888576E+00
1.356000E+00	1.000000E+00	1.888576E+00
1.358000E+00	1.000000E+00	1.888576E+00
1.360000E+00	1.000000E+00	1.888576E+00
1.362000E+00	1.000000E+00	1.888576E+00
1.364000E+00	1.000000E+00	1.888576E+00
1.366000E+00	1.000000E+00	1.888576E+00
1.368000E+00	1.000000E+00	1.888576E+00
1.370000E+00	1.000000E+00	1.888576E+00
1.372000E+00	1.000000E+00	1.888576E+00
1.374000E+00	1.000000E+00	1.888576E+00
1.376000E+00	1.000000E+00	1.888576E+00
1.378000E+00	1.000000E+00	1.888576E+00
1.380000E+00	1.000000E+00	1.888576E+00
1.382000E+00	1.000000E+00	1.888576E+00
1.384000E+00	1.000000E+00	1.888576E+00
1.386000E+00	1.000000E+00	1.888576E+00
1.388000E+00	1.000000E+00	1.888576E+00
1.390000E+00	1.000000E+00	1.888576E+00
1.392000E+00	1.000000E+00	1.888576E+00
1.394000E+00	1.000000E+00	1.888576E+00
1.396000E+00	1.000000E+00	1.888576E+00
1.398000E+00	1.000000E+00	1.888576E+00
1.400000E+00	1.000000E+00	1.888576E+00
1.402000E+00	1.000000E+00	1.888576E+00
1.404000E+00	1.000000E+00	1.888576E+00
1.406000E+00	1.000000E+00	1.888576E+00
1.408000E+00	1.000000E+00	1.888576E+00
1.410000E+00	1.000000E+00	1.888576E+00
1.412000E+00	1.000000E+00	1.888576E+00
1.414000E+00	1.000000E+00	1.888576E+00
1.416000E+00	1.000000E+00	1.888576E+00
1.418000E+00	1.000000E+00	1.888576E+00
1.420000E+00	1.000000E+00	1.888576E+00
1.422000E+00	1.000000E+00	1.888576E+00
1.424000E+00	1.000000E+00	1.888576E+00
1.426000E+00	1.000000E+00	1.888576E+00
1.428000E+00	1.000000E+00	1.888576E+00
1.430000E+00	1.000000E+00	1.888576E+00
1.432000E+00	1.000000E+00	1.888576E+00
1.434000E+00	1.000000E+00	1.888576E+00
1.436000E+00	1.000000E+00	1.888576E+00
1.438000E+00	1.000000E+00	1.888576E+00
1.440000E+00	1.000000E+00	1.888576E+00
1.442000E+00	1.000000E+00	1.888576E+00
1.444000E+00	1.000000E+00	1.888576E+00
1.446000E+00	1.000000E+00	1.888576E+00
1.448000E+00	1.000000E+00	1.888576E+00
1.450000E+00	1.000000E+00	1.888576E+00
1.452000E+00	1.000000E+00	1.888576E+00
1.454000E+00	1.000000E+00	1.888576E+00
1.456000E+00	1.000000E+00	1.888576E+00
1.458000E+00	1.000000E+00	1.888576E+00
1.460000E+00	1.000000E+00	1.888576E+00
1.462000E+00	1.000000E+00	1.888576E+00
1.464000E+00	1.000000E+00	1.888576E+00
1.466000E+00	1.000000E+00	1.888576E+00
1.468000E+00	1.000000E+00	1.888576E+00
1.470000E+00	1.000000E+00	1.888576E+00
1.472000E+00	1.000000E+00	1.888576E+00
1.474000E+00	1.000000E+00	1.888576E+00
1.476000E+00	1.000000E+00	1.888576E+00
1.478000E+00	1.000000E+00	1.888576E+00
1.480000E+00	1.000000E+00	1.888576E+00
1.482000E+00	1.000000E+00	1.888576E+00
1.484000E+00	1.000000E+00	1.888576E+00
1.486000E+00	1.000000E+00	1.888576E+00
1.488000E+00	1.000000E+00	1.888576E+00
1.490000E+00	1.000000E+00	1.888576E+00
1.492000E+00	1.000000E+00	1.888576E+00
1.494000E+00	1.000000E+00	1.888576E+00
1.496000E+00	1.000000E+00	1.888576E+00
1.498000E+00	1.000000E+00	1.888576E+00
1.500000E+00	1.000000E+00	1.888576E+00
1.502000E+00	1.000000E+00	1.888576E+00
1.504000E+00	1.000000E+00	1.888576E+00
1.506000E+00	1.000000E+00	1.888576E+00
1.508000E+00	1.000000E+00	1.888576E+00
1.510000E+00	1.000000E+00	1.888576E+00
1.512000E+00	1.000000E+00	1.888576E+00
1.514000E+00	1.000000E+00	1.888576E+00
1.516000E+00	1.000000E+00	1.888576E+00
1.518000E+00	1.000000E+00	1.888576E+00
1.520000E+00	1.000000E+00	1.888576E+00
1.522000E+00	1.000000E+00	1.888576E+00
1.524000E+00	1.000000E+00	1.888576E+00
1.526000E+00	1.000000E+00	1.888576E+00
1.528000E+00	1.000000E+00	1.888576E+00
1.530000E+00	1.000000E+00	1.888576E+00
1.532000E+00	1.000000E+00	1.888576E+00
1.534000E+00	1.000000E+00	1.888576E+00
1.536000E+00	1.000000E+00	1.888576E+00
1.538000E+00	1.000000E+00	1.888576E+00
1.540000E+00	1.000000E+00	1.888576E+00
1.542000E+00	1.000000E+00	1.888576E+00
1.544000E+00	1.000000E+00	1.888576E+00
1.546000E+00	1.000000E+00	1.888576E+00
1.548000E+00	1.000000E+00	1.888576E+00
1.550000E+00	1.000000E+00	1.888576E+00
1.552000E+00	1.000000E+00	1.888576E+00
1.554000E+00	1.000000E+00	1.888576E+00
1.556000E+00	1.000000E+00	1.888576E+00
1.558000E+00	1.000000E+00	1.888576E+00
1.560000E+00	1.000000E+00	1.888576E+00
1.562000E+00	1.000000E+00	1.888576E+00
1.564000E+00	1.000000E+00	1.888576E+00
1.566000E+00	1.000000E+00	1.888576E+00
1.568000E+00	1.000000E+00	1.888576E+00
1.570000E+00	1.000000E+00	1.888576E+00
1.572000E+00	1.000000E+00	1.888576E+00
1.574000E+00	1.000000E+00	1.888576E+00
1.576000E+00	1.000000E+00	1.888576E+00
1.578000E+00	1.000000E+00	1.888576E+00
1.580000E+00	1.000000E+00	1.888576E+00
1.582000E+00	1.000000E+00	1.888576E+00
1.584000E+00	1.000000E+00	1.888576E+00
1.586000E+00	1.000000E+00	1.888576E+00
1.588000E+00	1.000000E+00	1.888576E+00
1.590000E+00	1.000000E+00	1.888576E+00
1.592000E+00	1.000000E+00	1.888576E+00
1.594000E+00	1.000000E+00	1.888576E+00
1.596000E+00	1.000000E+00	1.888576E+00
1.598000E+00	1.000000E+00	1.888576E+00
1.600000E+00	1.000000E+00	1.888576E+00
1.602000E+00	1.000000E+00	1.888576E+00
1.604000E+00	1.000000E+00	1.888576E+00
1.606000E+00	1.000000E+00	1.888576E+00
1.608000E+00	1.000000E+00	1.888576E+00
1.610000E+00	1.000000E+00	1.888576E+00
1.612000E+00	1.000000E+00	1.888576E+00
1.614000E+00	1.000000E+00	1.888576E+00
1.616000E+00	1.000000E+00	1.888576E+00
1.618000E+00	1.000000E+00	1.888576E+00
1.620000E+00	1.000000E+00	1.888576E+00
1.622000E+00	1.000000E+00	1.888576E+00
1.624000E+00	1.000000E+00	1.888576E+00
1.626000E+00	1.000000E+00	1.888576E+00
1.628000E+00	1.000000E+00	1.888576E+00
1.630000E+00	1.000000E+00	1.888576E+00
1.632000E+00	1.000000E+00	1.888576E+00
1.634000E+00	1.000000E+00	1.888576E+00
1.636000E+00	1.000000E+00	1.888576E+00
1.638000E+00	1.000000E+00	1.888576E+00
1.640000E+00	1.000000E+00	1.888576E+00
1.642000E+00	1.000000E+00	1.888576E+00
1.644000E+00	1.000000E+00	1.888576E+00
1.646000E+00	1.000000E+00	1.888576E+00
1.648000E+00	1.000000E+00	1.888576E+00
1.650000E+00	1.000000E+00	1.888576E+00
1.652000E+00	1.000000E+00	1.888576E+00
1.654000E+00	1.000000E+00	1.888576E+00
1.656000E+00	1.000000E+00	1.888576E+00
1.658000E+00	1.000000E+00	1.888576E+00
1.660000E+00	1.000000E+00	1.888576E+00
1.662000E+00	1.000000E+00	1.888576E+00
1.664000E+00	1.000000E+00	1.888576E+00
1.666000E+00	1.000000E+00	1.888576E+00
1.668000E+00	1.000000E+00	1.888576E+00
1.670000E+00	1.000000E+00	1.888576E+00
1.672000E+00	1.000000E+00	1.888576E+00
1.674000E+00	1.000000E+00	1.888576E+00
1.676000E+00	1.000000E+00	1.888576E+00
1.678000E+00	1.000000E+00	1.888576E+00
1.680000E+00	1.000000E+00	1.888576E+00
1.682000E+00	1.000000E+00	1.888576E+00
1.684000E+00	1.000000E+00	1.888576E+00
1.686000E+00	1.000000E+00	1.888576E+00
1.688000E+00	1.000000E+00	1.888576E+00
1.690000E+00	1.000000E+00	1.888576E+00
1.692000E+00	1.000000E+00	1.888576E+00
1.694000E+00	1.000000E+00	1.888576E+00
1.696000E+00	1.000000E+00	1.888576E+00
1.698000E+00	1.000000E+00	1.888576E+00
1.700000E+00	1.000000E+00	1.888576E+00
1.702000E+00	1.000000E+00	1.888576E+00
1.704000E+00	1.000000E+00	1.888576E+00
1.706000E+00	1.000000E+00	1.888576E+00
1.708000E+00	1.000000E+00	1.888576E+00
1.710000E+00	1.000000E+00	1.888576E+00
1.712000E+00	1.000000E+00	1.888576E+00
1.714000E+00	1.000000E+00	1.888576E+00
1.716000E+00	1.000000E+00	1.888576E+00
1.718000E+00	1.000000E+00	1.888576E+00
1.720000E+00	1.000000E+00	1.888576E+00
1.722000E+00	1.000000E+00	1.888576E+00
1.724000E+00	1.000000E+00	1.888576E+00
1.726000E+00	1.000000E+00	1.888576E+00
1.728000E+00	1.000000E+00	1.888576E+00
1.730000E+00	1.000000E+00	1.888576E+00
1.732000E+00	1.000000E+00	1.888576E+00
1.734000E+00	1.000000E+00	1.888576E+00
1.736000E+00	1.000000E+00	1.888576E+00
1.738000E+00	1.000000E+00	1.888576E+00
1.740000E+00	1.000000E+00	1.888576E+00
1.742000E+00	1.000000E+00	1.888576E+00
1.744000E+00	1.000000E+00	1.888576E+00
1.746000E+00	1.000000E+00	1.888576E+00
1.748000E+00	1.000000E+00	1.888576E+00
1.750000E+00	1.000000E+00	1.888576E+00
1.752000E+00	1.000000E+00	1.888576E+00
1.754000E+00	1.000000E+00	1.888576E+00
1.756000E+00	1.000000E+00	1.888576E+00
1.758000E+00	1.000000E+00	1.888576E+00
1.760000E+00	1.000000E+00	1.888576E+00
1.762000E+00	1.000000E+00	1.888576E+00
1.764000E+00	1.000000E+00	1.888576E+00
1.766000E+00	1.000000E+00	1.888576E+00
1.768000E+00	1.000000E+00	1.888576E+00
1.770000E+00	1.000000E+00	1.888576E+00
1.772000E+00	1.000000E+00	1.888576E+00
1.774000E+00	1.000000E+00	1.888576E+00
1.776000E+00	1.000000E+00	1.888576E+00
1.778000E+00	1.000000E+00	1.888576E+00
1.780000E+00	1.000000E+00	1.888576E+00
1.782000E+00	1.000000E+00	1.888576E+00
1.784000E+00	1.000000E+00	1.888576E+00
1.786000E+00	1.000000E+00	1.888576E+00
1.788000E+00	1.000000E+00	1.888576E+00
1.790000E+00	1.000000E+00	1.888576E+00
1.792000E+00	1.000000E+00	1.888576E+00
1.794000E+00	1.000000E+00	1.888576E+00
1.796000E+00	1.000000E+00	1.888576E+00
1.798000E+00	1.000000E+00	1.888576E+00
1.800000E+00	1.000000E+00	1.888576E+00
1.802000E+00	1.000000E+00	1.888576E+00
1.804000E+00	1.000000E+00	1.888576E+00
1.806000E+00	1.000000E+00	1.888576E+00
1.808000E+00	1.000000E+00	1.888576E+00
1.810000E+00	1.000000E+00	1.888576E+00
1.812000E+00	1.000000E+00	1.888576E+00
1.814000E+00	1.000000E+00	1.888576E+00
1.816000E+00	1.000000E+00	1.888576E+00
1.818000E+00	1.000000E+00	1.888576E+00
1.820000E+00	1.000000E+00	1.888576E+00
1.822000E+00	1.000000E+00	1.888576E+00
1.824000E+00	1.000000E+00	1.888576E+00
1.826000E+00	1.000000E+00	1.888576E+00
1.828000E+00	1.000000E+00	1.888576E+00
1.830000E+00	1.000000E+00	1.888576E+00
1.832000E+00	1.000000E+00	1.888576E+00
1.834000E+00	1.000000E+00	1.888576E+00
1.836000E+00	1.000000E+00	1.888576E+00
1.838000E+00	1.000000E+00	1.888576E+00
1.840000E+00	1.000000E+00	1.888576E+00
1.842000E+00	1.000000E+00	1.888576E+00
1.844000E+00	1.000000E+00	1.888576E+00
1.846000E+00	1.000000E+00	1.888576E+00
1.848000E+00	1.000000E+00	1.888576E+00
1.850000E+00	1.000000E+00	1.888576E+00
1.852000E+00	1.000000E+00	1.888576E+00
1.854000E+00	1.000000E+00	1.888576E+00
1.856000E+00	1.000000E+00	1.888576E+00
1.858000E+00	1.000000E+00	1.888576E+00
1.860000E+00	1.000000E+00	1.888576E+00
1.862000E+00	1.000000E+00	1.888576E+00
1.864000E+00	1.000000E+00	1.888576E+00
1.866000E+00	1.000000E+00	1.888576E+00
1.868000E+00	1.000000E+00	1.888576E+00
1.870000E+00	1.000000E+00	1.888576E+00
1.872000E+00	1.000000E+00	1.888576E+00
1.874000E+00	1.000000E+00	1.888576E+00
1.876000E+00	1.000000E+00	1.888576E+00
1.878000E+00	1.000000E+00	1.888576E+00
1.880000E+00	1.000000E+00	1.888576E+00
1.882000E+00	1.000000E+00	1.888576E+00
1.884000E+00	1.000000E+00	1.888576E+00
1.886000E+00	1.000000E+00	1.888576E+00
1.888000E+00	1.000000E+00	1.888576E+00
1.890000E+00	1.000000E+00	1.888576E+00
1.892000E+00	1.000000E+00	1.888576E+00
1.894000E+00	1.000000E+00	1.888576E+00
1.896000E+00	1.000000E+00	1.888576E+00
1.898000E+00	1.000000E+00	1.888576E+00
1.900000E+00	1.000000E+00	1.888576E+00
1.902000E+00	1.000000E+00	1.888576E+00
1.904000E+00	1.000000E+00	1.888576E+00
1.906000E+00	1.000000E+00	1.888576E+00
1.908000E+00	1.000000E+00	1.888576E+00
1.910000E+00	1.000000E+00	1.888576E+00
1.912000E+00	1.000000E+00	1.888576E+00
1.914000E+00	1.000000E+00	1.888576E+00
1.916000E+00	1.000000E+00	1.888576E+00
1.918000E+00	1.000000E+00	1.888576E+00
1.920000E+00	1.000000E+00	1.888576E+00
1.922000E+00	1.000000E+00	1.888576E+00
1.924000E+00	1.000000E+00	1.888576E+00
1.926000E+00	1.000000E+00	1.888576E+00
1.928000E+00	1.000000E+00	1.888576E+00
1.930000E+00	1.000000E+00	1.888576E+00
1.932000E+00	1.000000E+00	1.888576E+00
1.934000E+00	1.000000E+00	1.888576E+00
1.936000E+00	1.000000E+00	1.888576E+00
1.938000E+00	1.000000E+00	1.888576E+00
1.940000E+00	1.000000E+00	1.888576E+00
1.942000E+00	1.000000E+00	1.888576E+00
1.944000E+00	1.000000E+00	1.888576E+00
1.946000E+00	1.000000E+00	1.888576E+00
1.948000E+00	1.000000E+00	1.888576E+00
1.950000E+00	1.000000E+00	1.888576E+00
1.952000E+00	1.000000E+00	1.888576E+00
1.954000E+00	1.000000E+00	1.888576E+00
1.956000E+00	1.000000E+00	1.888576E+00
1.958000E+00	1.000000E+00	1.888576E+00
1.960000E+00	1.000000E+00	1.888576E+00
1.962000E+00	1.000000E+00	1.888576E+00
1.964000E+00	1.000000E+00	1.888576E+00
1.966000E+00	1.000000E+00	1.888576E+00
1.968000E+00	1.000000E+00	1.888576E+00
1.970000E+00	1.000000E+00	1.888576E+00
1.972000E+00	1.000000E+00	1.888576E+00
1.974000E+00	1.000000E+00	1.888576E+00
1.976000E+00	1.000000E+00	1.888576E+00
1.978000E+00	1.000000E+00	1.888576E+00
1.980000E+00	1.000000E+00	1.888576E+00
1.982000E+00	1.000000E+00	1.888576E+00
1.984000E+00	1.000000E+00	1.888576E+00
1.986000E+00	1.000000E+00	1.888576E+00
1.988000E+00	1.000000E+00	1.888576E+00
1.990000E+00	1.000000E+00	1.888576E+00
